Linux 6.8.0-85-generic (raven4) 	10/24/2025 	_x86_64_	(256 CPU)

avg-cpu:  %user   %nice %system %iowait  %steal   %idle
           0.01    0.00    0.01    0.01    0.00   99.96

Device            r/s     rMB/s   rrqm/s  %rrqm r_await rareq-sz     w/s     wMB/s   wrqm/s  %wrqm w_await wareq-sz     d/s     dMB/s   drqm/s  %drqm d_await dareq-sz     f/s f_await  aqu-sz  %util
dm-0             0.23      0.01     0.00   0.00   20.29    32.70    0.48      0.01     0.00   0.00   43.87    14.12    0.00      0.00     0.00   0.00    0.00     0.00    0.00    0.00    0.03   2.46
dm-1             0.00      0.00     0.00   0.00   19.33    18.43    0.02      0.00     0.00   0.00   29.23     3.65    0.00      0.00     0.00   0.00    0.00     0.00    0.00    0.00    0.00   0.05
dm-2             0.24      0.00     0.00   0.00   63.88     7.08    0.18      0.00     0.00   0.00   48.64     5.13    0.00      0.00     0.00   0.00    0.00     0.00    0.00    0.00    0.02   0.18
md0              0.03      0.00     0.00   0.00   26.67     5.08    0.00      0.00     0.00   0.00   41.00     4.00    0.00      0.00     0.00   0.00    0.00     0.00    0.00    0.00    0.00   0.02
md1             47.33      2.93     0.00   0.00   19.05    63.32   53.10      4.75     0.00   0.00   37.71    91.67    0.00      0.00     0.00   0.00    0.00     0.00    0.00    0.00    2.90   0.19
nvme0n1         11.75      0.73     0.00   0.00    8.69    63.73   13.21      1.19     0.05   0.37   38.64    92.15    0.00      0.00     0.00   0.00    0.00     0.00    0.00    0.00    0.61   0.06
nvme1n1         11.80      0.73     0.29   2.38   16.52    63.61   13.21      1.19     0.12   0.88   39.12    92.14    0.00      0.00     0.00   0.00    0.00     0.00    0.00    0.00    0.71   0.06
nvme2n1         11.75      0.73     0.00   0.00   25.22    63.73   13.21      1.19     0.05   0.38   37.76    92.14    0.00      0.00     0.00   0.00    0.00     0.00    0.00    0.00    0.80   0.06
nvme3n1         11.75      0.73     0.00   0.00   26.24    63.74   13.21      1.19     0.05   0.39   36.17    92.11    0.00      0.00     0.00   0.00    0.00     0.00    0.00    0.00    0.79   0.13
sda              0.36      0.01     0.15  29.55   21.77    26.70    0.38      0.01     0.31  44.94   53.53    20.52    0.00      0.00     0.00   0.00    0.00     0.00    0.14   82.01    0.04   1.22
sdb              0.02      0.00     0.01  18.14   30.00     6.21    0.00      0.00     0.00   0.00   41.00     4.00    0.00      0.00     0.00   0.00    0.00     0.00    0.00   40.00    0.00   0.02
sdg              0.01      0.00     0.00   2.46    1.05    13.27    0.00      0.00     0.00   0.00    1.00     0.50    0.00      0.00     0.00   0.00    0.00     0.00    0.00    0.00    0.00   0.00


avg-cpu:  %user   %nice %system %iowait  %steal   %idle
          52.55    0.00    0.12    0.00    0.00   47.33

Device            r/s     rMB/s   rrqm/s  %rrqm r_await rareq-sz     w/s     wMB/s   wrqm/s  %wrqm w_await wareq-sz     d/s     dMB/s   drqm/s  %drqm d_await dareq-sz     f/s f_await  aqu-sz  %util
dm-0             0.00      0.00     0.00   0.00    0.00     0.00    0.00      0.00     0.00   0.00    0.00     0.00    0.00      0.00     0.00   0.00    0.00     0.00    0.00    0.00    0.00   0.00
dm-1             0.00      0.00     0.00   0.00    0.00     0.00    0.00      0.00     0.00   0.00    0.00     0.00    0.00      0.00     0.00   0.00    0.00     0.00    0.00    0.00    0.00   0.00
dm-2             0.00      0.00     0.00   0.00    0.00     0.00   26.00      0.43     0.00   0.00    1.23    17.08    0.00      0.00     0.00   0.00    0.00     0.00    0.00    0.00    0.03   0.30
md0              0.00      0.00     0.00   0.00    0.00     0.00    0.00      0.00     0.00   0.00    0.00     0.00    0.00      0.00     0.00   0.00    0.00     0.00    0.00    0.00    0.00   0.00
md1              0.00      0.00     0.00   0.00    0.00     0.00    0.00      0.00     0.00   0.00    0.00     0.00    0.00      0.00     0.00   0.00    0.00     0.00    0.00    0.00    0.00   0.00
nvme0n1          0.00      0.00     0.00   0.00    0.00     0.00    0.00      0.00     0.00   0.00    0.00     0.00    0.00      0.00     0.00   0.00    0.00     0.00    0.00    0.00    0.00   0.00
nvme1n1          0.00      0.00     0.00   0.00    0.00     0.00    0.00      0.00     0.00   0.00    0.00     0.00    0.00      0.00     0.00   0.00    0.00     0.00    0.00    0.00    0.00   0.00
nvme2n1          0.00      0.00     0.00   0.00    0.00     0.00    0.00      0.00     0.00   0.00    0.00     0.00    0.00      0.00     0.00   0.00    0.00     0.00    0.00    0.00    0.00   0.00
nvme3n1          0.00      0.00     0.00   0.00    0.00     0.00    0.00      0.00     0.00   0.00    0.00     0.00    0.00      0.00     0.00   0.00    0.00     0.00    0.00    0.00    0.00   0.00
sda              0.00      0.00     0.00   0.00    0.00     0.00    7.00      0.43    19.00  73.08    1.43    63.43    0.00      0.00     0.00   0.00    0.00     0.00    0.00    0.00    0.01   0.30
sdb              0.00      0.00     0.00   0.00    0.00     0.00    0.00      0.00     0.00   0.00    0.00     0.00    0.00      0.00     0.00   0.00    0.00     0.00    0.00    0.00    0.00   0.00
sdg              0.00      0.00     0.00   0.00    0.00     0.00    0.00      0.00     0.00   0.00    0.00     0.00    0.00      0.00     0.00   0.00    0.00     0.00    0.00    0.00    0.00   0.00


avg-cpu:  %user   %nice %system %iowait  %steal   %idle
           0.14    0.00    0.29    0.09    0.00   99.48

Device            r/s     rMB/s   rrqm/s  %rrqm r_await rareq-sz     w/s     wMB/s   wrqm/s  %wrqm w_await wareq-sz     d/s     dMB/s   drqm/s  %drqm d_await dareq-sz     f/s f_await  aqu-sz  %util
dm-0             0.00      0.00     0.00   0.00    0.00     0.00    0.00      0.00     0.00   0.00    0.00     0.00    0.00      0.00     0.00   0.00    0.00     0.00    0.00    0.00    0.00   0.00
dm-1             0.00      0.00     0.00   0.00    0.00     0.00    0.00      0.00     0.00   0.00    0.00     0.00    0.00      0.00     0.00   0.00    0.00     0.00    0.00    0.00    0.00   0.00
dm-2             0.00      0.00     0.00   0.00    0.00     0.00   23.00      0.09     0.00   0.00    1.00     4.00    0.00      0.00     0.00   0.00    0.00     0.00    0.00    0.00    0.02  24.30
md0              0.00      0.00     0.00   0.00    0.00     0.00    0.00      0.00     0.00   0.00    0.00     0.00    0.00      0.00     0.00   0.00    0.00     0.00    0.00    0.00    0.00   0.00
md1              0.00      0.00     0.00   0.00    0.00     0.00 41701.00   2606.31     0.00   0.00    0.03    64.00    0.00      0.00     0.00   0.00    0.00     0.00    0.00    0.00    1.20  83.30
nvme0n1          0.00      0.00     0.00   0.00    0.00     0.00 10416.00    651.00     0.00   0.00    0.03    64.00    0.00      0.00     0.00   0.00    0.00     0.00    0.00    0.00    0.28  21.20
nvme1n1          0.00      0.00     0.00   0.00    0.00     0.00 10424.00    651.50     0.00   0.00    0.03    64.00    0.00      0.00     0.00   0.00    0.00     0.00    0.00    0.00    0.29  22.60
nvme2n1          0.00      0.00     0.00   0.00    0.00     0.00 10416.00    651.00     0.00   0.00    0.03    64.00    0.00      0.00     0.00   0.00    0.00     0.00    0.00    0.00    0.29  21.30
nvme3n1          0.00      0.00     0.00   0.00    0.00     0.00 10410.00    650.62     0.00   0.00    0.03    64.00    0.00      0.00     0.00   0.00    0.00     0.00    0.00    0.00    0.28  20.70
sda              0.00      0.00     0.00   0.00    0.00     0.00    1.00      0.09    22.00  95.65    1.00    92.00    0.00      0.00     0.00   0.00    0.00     0.00    0.00    0.00    0.00   0.10
sdb              0.00      0.00     0.00   0.00    0.00     0.00    0.00      0.00     0.00   0.00    0.00     0.00    0.00      0.00     0.00   0.00    0.00     0.00    0.00    0.00    0.00   0.00
sdg              0.00      0.00     0.00   0.00    0.00     0.00    0.00      0.00     0.00   0.00    0.00     0.00    0.00      0.00     0.00   0.00    0.00     0.00    0.00    0.00    0.00   0.00


avg-cpu:  %user   %nice %system %iowait  %steal   %idle
           0.14    0.00    0.31    0.24    0.00   99.31

Device            r/s     rMB/s   rrqm/s  %rrqm r_await rareq-sz     w/s     wMB/s   wrqm/s  %wrqm w_await wareq-sz     d/s     dMB/s   drqm/s  %drqm d_await dareq-sz     f/s f_await  aqu-sz  %util
dm-0             0.00      0.00     0.00   0.00    0.00     0.00    0.00      0.00     0.00   0.00    0.00     0.00    0.00      0.00     0.00   0.00    0.00     0.00    0.00    0.00    0.00   0.00
dm-1             0.00      0.00     0.00   0.00    0.00     0.00    0.00      0.00     0.00   0.00    0.00     0.00    0.00      0.00     0.00   0.00    0.00     0.00    0.00    0.00    0.00   0.00
dm-2             0.00      0.00     0.00   0.00    0.00     0.00    2.00      0.00     0.00   0.00  426.50     2.00    0.00      0.00     0.00   0.00    0.00     0.00    0.00    0.00    0.85  61.10
md0              0.00      0.00     0.00   0.00    0.00     0.00    0.00      0.00     0.00   0.00    0.00     0.00    0.00      0.00     0.00   0.00    0.00     0.00    0.00    0.00    0.00   0.00
md1              0.00      0.00     0.00   0.00    0.00     0.00 43475.00   2717.19     0.00   0.00    0.03    64.00    0.00      0.00     0.00   0.00    0.00     0.00    0.00    0.00    1.17  85.80
nvme0n1          0.00      0.00     0.00   0.00    0.00     0.00 10867.00    679.19     0.00   0.00    0.03    64.00    0.00      0.00     0.00   0.00    0.00     0.00    0.00    0.00    0.29  23.60
nvme1n1          0.00      0.00     0.00   0.00    0.00     0.00 10872.00    679.50     0.00   0.00    0.03    64.00    0.00      0.00     0.00   0.00    0.00     0.00    0.00    0.00    0.30  20.20
nvme2n1          0.00      0.00     0.00   0.00    0.00     0.00 10872.00    679.50     0.00   0.00    0.03    64.00    0.00      0.00     0.00   0.00    0.00     0.00    0.00    0.00    0.30  21.10
nvme3n1          0.00      0.00     0.00   0.00    0.00     0.00 10870.00    679.38     0.00   0.00    0.03    64.00    0.00      0.00     0.00   0.00    0.00     0.00    0.00    0.00    0.30  24.40
sda              0.00      0.00     0.00   0.00    0.00     0.00    2.00      0.00     0.00   0.00  426.50     2.00    0.00      0.00     0.00   0.00    0.00     0.00    3.00  284.33    1.71  85.30
sdb              0.00      0.00     0.00   0.00    0.00     0.00    0.00      0.00     0.00   0.00    0.00     0.00    0.00      0.00     0.00   0.00    0.00     0.00    0.00    0.00    0.00   0.00
sdg              0.00      0.00     0.00   0.00    0.00     0.00    0.00      0.00     0.00   0.00    0.00     0.00    0.00      0.00     0.00   0.00    0.00     0.00    0.00    0.00    0.00   0.00


avg-cpu:  %user   %nice %system %iowait  %steal   %idle
           0.14    0.00    0.32    0.00    0.00   99.54

Device            r/s     rMB/s   rrqm/s  %rrqm r_await rareq-sz     w/s     wMB/s   wrqm/s  %wrqm w_await wareq-sz     d/s     dMB/s   drqm/s  %drqm d_await dareq-sz     f/s f_await  aqu-sz  %util
dm-0             0.00      0.00     0.00   0.00    0.00     0.00    0.00      0.00     0.00   0.00    0.00     0.00    0.00      0.00     0.00   0.00    0.00     0.00    0.00    0.00    0.00   0.00
dm-1             0.00      0.00     0.00   0.00    0.00     0.00    0.00      0.00     0.00   0.00    0.00     0.00    0.00      0.00     0.00   0.00    0.00     0.00    0.00    0.00    0.00   0.00
dm-2             0.00      0.00     0.00   0.00    0.00     0.00    0.00      0.00     0.00   0.00    0.00     0.00    0.00      0.00     0.00   0.00    0.00     0.00    0.00    0.00    0.00   0.00
md0              0.00      0.00     0.00   0.00    0.00     0.00    0.00      0.00     0.00   0.00    0.00     0.00    0.00      0.00     0.00   0.00    0.00     0.00    0.00    0.00    0.00   0.00
md1              0.00      0.00     0.00   0.00    0.00     0.00 43267.00   2704.19     0.00   0.00    0.03    64.00    0.00      0.00     0.00   0.00    0.00     0.00    0.00    0.00    1.22  86.50
nvme0n1          0.00      0.00     0.00   0.00    0.00     0.00 10821.00    676.31     0.00   0.00    0.03    64.00    0.00      0.00     0.00   0.00    0.00     0.00    0.00    0.00    0.29  23.60
nvme1n1          0.00      0.00     0.00   0.00    0.00     0.00 10816.00    676.00     0.00   0.00    0.03    64.00    0.00      0.00     0.00   0.00    0.00     0.00    0.00    0.00    0.30  23.20
nvme2n1          0.00      0.00     0.00   0.00    0.00     0.00 10816.00    676.00     0.00   0.00    0.03    64.00    0.00      0.00     0.00   0.00    0.00     0.00    0.00    0.00    0.30  19.50
nvme3n1          0.00      0.00     0.00   0.00    0.00     0.00 10823.00    676.44     0.00   0.00    0.03    64.00    0.00      0.00     0.00   0.00    0.00     0.00    0.00    0.00    0.29  22.30
sda              0.00      0.00     0.00   0.00    0.00     0.00    0.00      0.00     0.00   0.00    0.00     0.00    0.00      0.00     0.00   0.00    0.00     0.00    0.00    0.00    0.00   0.00
sdb              0.00      0.00     0.00   0.00    0.00     0.00    0.00      0.00     0.00   0.00    0.00     0.00    0.00      0.00     0.00   0.00    0.00     0.00    0.00    0.00    0.00   0.00
sdg              0.00      0.00     0.00   0.00    0.00     0.00    0.00      0.00     0.00   0.00    0.00     0.00    0.00      0.00     0.00   0.00    0.00     0.00    0.00    0.00    0.00   0.00


avg-cpu:  %user   %nice %system %iowait  %steal   %idle
           0.16    0.00    0.31    0.00    0.00   99.53

Device            r/s     rMB/s   rrqm/s  %rrqm r_await rareq-sz     w/s     wMB/s   wrqm/s  %wrqm w_await wareq-sz     d/s     dMB/s   drqm/s  %drqm d_await dareq-sz     f/s f_await  aqu-sz  %util
dm-0             0.00      0.00     0.00   0.00    0.00     0.00    1.00      0.00     0.00   0.00    0.00     4.00    0.00      0.00     0.00   0.00    0.00     0.00    0.00    0.00    0.00   0.00
dm-1             0.00      0.00     0.00   0.00    0.00     0.00    0.00      0.00     0.00   0.00    0.00     0.00    0.00      0.00     0.00   0.00    0.00     0.00    0.00    0.00    0.00   0.00
dm-2             0.00      0.00     0.00   0.00    0.00     0.00    0.00      0.00     0.00   0.00    0.00     0.00    0.00      0.00     0.00   0.00    0.00     0.00    0.00    0.00    0.00   0.00
md0              0.00      0.00     0.00   0.00    0.00     0.00    0.00      0.00     0.00   0.00    0.00     0.00    0.00      0.00     0.00   0.00    0.00     0.00    0.00    0.00    0.00   0.00
md1              0.00      0.00     0.00   0.00    0.00     0.00 44388.00   2703.06     0.00   0.00    0.05    62.36    0.00      0.00     0.00   0.00    0.00     0.00    0.00    0.00    2.06  87.50
nvme0n1          0.00      0.00     0.00   0.00    0.00     0.00 10794.00    674.88   124.00   1.14    0.03    64.02    0.00      0.00     0.00   0.00    0.00     0.00    0.00    0.00    0.29  25.10
nvme1n1          0.00      0.00     0.00   0.00    0.00     0.00 10848.00    677.36   675.00   5.86    0.03    63.94    0.00      0.00     0.00   0.00    0.00     0.00    0.00    0.00    0.36  20.90
nvme2n1          0.00      0.00     0.00   0.00    0.00     0.00 10796.00    675.00   124.00   1.14    0.03    64.02    0.00      0.00     0.00   0.00    0.00     0.00    0.00    0.00    0.30  21.30
nvme3n1          0.00      0.00     0.00   0.00    0.00     0.00 10795.00    674.95   218.00   1.98    0.03    64.03    0.00      0.00     0.00   0.00    0.00     0.00    0.00    0.00    0.29  23.20
sda              0.00      0.00     0.00   0.00    0.00     0.00    1.00      0.00     0.00   0.00    1.00     4.00    0.00      0.00     0.00   0.00    0.00     0.00    0.00    0.00    0.00   0.00
sdb              0.00      0.00     0.00   0.00    0.00     0.00    0.00      0.00     0.00   0.00    0.00     0.00    0.00      0.00     0.00   0.00    0.00     0.00    0.00    0.00    0.00   0.00
sdg              0.00      0.00     0.00   0.00    0.00     0.00    0.00      0.00     0.00   0.00    0.00     0.00    0.00      0.00     0.00   0.00    0.00     0.00    0.00    0.00    0.00   0.00


avg-cpu:  %user   %nice %system %iowait  %steal   %idle
           0.16    0.00    0.31    0.00    0.00   99.54

Device            r/s     rMB/s   rrqm/s  %rrqm r_await rareq-sz     w/s     wMB/s   wrqm/s  %wrqm w_await wareq-sz     d/s     dMB/s   drqm/s  %drqm d_await dareq-sz     f/s f_await  aqu-sz  %util
dm-0             0.00      0.00     0.00   0.00    0.00     0.00    0.00      0.00     0.00   0.00    0.00     0.00    0.00      0.00     0.00   0.00    0.00     0.00    0.00    0.00    0.00   0.00
dm-1             0.00      0.00     0.00   0.00    0.00     0.00    0.00      0.00     0.00   0.00    0.00     0.00    0.00      0.00     0.00   0.00    0.00     0.00    0.00    0.00    0.00   0.00
dm-2             0.00      0.00     0.00   0.00    0.00     0.00    0.00      0.00     0.00   0.00    0.00     0.00    0.00      0.00     0.00   0.00    0.00     0.00    0.00    0.00    0.00   0.00
md0              0.00      0.00     0.00   0.00    0.00     0.00    0.00      0.00     0.00   0.00    0.00     0.00    0.00      0.00     0.00   0.00    0.00     0.00    0.00    0.00    0.00   0.00
md1              0.00      0.00     0.00   0.00    0.00     0.00 43535.00   2720.94     0.00   0.00    0.03    64.00    0.00      0.00     0.00   0.00    0.00     0.00    0.00    0.00    1.27  91.40
nvme0n1          0.00      0.00     0.00   0.00    0.00     0.00 10882.00    680.12     0.00   0.00    0.03    64.00    0.00      0.00     0.00   0.00    0.00     0.00    0.00    0.00    0.30  23.20
nvme1n1          0.00      0.00     0.00   0.00    0.00     0.00 10886.00    680.38     0.00   0.00    0.03    64.00    0.00      0.00     0.00   0.00    0.00     0.00    0.00    0.00    0.30  22.40
nvme2n1          0.00      0.00     0.00   0.00    0.00     0.00 10880.00    680.00     0.00   0.00    0.03    64.00    0.00      0.00     0.00   0.00    0.00     0.00    0.00    0.00    0.30  24.60
nvme3n1          0.00      0.00     0.00   0.00    0.00     0.00 10888.00    680.50     0.00   0.00    0.03    64.00    0.00      0.00     0.00   0.00    0.00     0.00    0.00    0.00    0.30  24.40
sda              0.00      0.00     0.00   0.00    0.00     0.00    0.00      0.00     0.00   0.00    0.00     0.00    0.00      0.00     0.00   0.00    0.00     0.00    0.00    0.00    0.00   0.00
sdb              0.00      0.00     0.00   0.00    0.00     0.00    0.00      0.00     0.00   0.00    0.00     0.00    0.00      0.00     0.00   0.00    0.00     0.00    0.00    0.00    0.00   0.00
sdg              0.00      0.00     0.00   0.00    0.00     0.00    0.00      0.00     0.00   0.00    0.00     0.00    0.00      0.00     0.00   0.00    0.00     0.00    0.00    0.00    0.00   0.00


avg-cpu:  %user   %nice %system %iowait  %steal   %idle
           0.14    0.00    0.32    0.08    0.00   99.46

Device            r/s     rMB/s   rrqm/s  %rrqm r_await rareq-sz     w/s     wMB/s   wrqm/s  %wrqm w_await wareq-sz     d/s     dMB/s   drqm/s  %drqm d_await dareq-sz     f/s f_await  aqu-sz  %util
dm-0             0.00      0.00     0.00   0.00    0.00     0.00    4.00      0.01     0.00   0.00   38.50     3.00    0.00      0.00     0.00   0.00    0.00     0.00    0.00    0.00    0.15  15.40
dm-1             0.00      0.00     0.00   0.00    0.00     0.00    0.00      0.00     0.00   0.00    0.00     0.00    0.00      0.00     0.00   0.00    0.00     0.00    0.00    0.00    0.00   0.00
dm-2             0.00      0.00     0.00   0.00    0.00     0.00   31.00      0.24     0.00   0.00   21.48     8.00    0.00      0.00     0.00   0.00    0.00     0.00    0.00    0.00    0.67  16.90
md0              0.00      0.00     0.00   0.00    0.00     0.00    0.00      0.00     0.00   0.00    0.00     0.00    0.00      0.00     0.00   0.00    0.00     0.00    0.00    0.00    0.00   0.00
md1              0.00      0.00     0.00   0.00    0.00     0.00 43801.00   2737.56     0.00   0.00    0.03    64.00    0.00      0.00     0.00   0.00    0.00     0.00    0.00    0.00    1.25  88.40
nvme0n1          0.00      0.00     0.00   0.00    0.00     0.00 10952.00    684.50     0.00   0.00    0.03    64.00    0.00      0.00     0.00   0.00    0.00     0.00    0.00    0.00    0.30  24.10
nvme1n1          0.00      0.00     0.00   0.00    0.00     0.00 10947.00    684.19     0.00   0.00    0.03    64.00    0.00      0.00     0.00   0.00    0.00     0.00    0.00    0.00    0.30  24.20
nvme2n1          0.00      0.00     0.00   0.00    0.00     0.00 10952.00    684.50     0.00   0.00    0.03    64.00    0.00      0.00     0.00   0.00    0.00     0.00    0.00    0.00    0.30  24.00
nvme3n1          0.00      0.00     0.00   0.00    0.00     0.00 10949.00    684.31     0.00   0.00    0.03    64.00    0.00      0.00     0.00   0.00    0.00     0.00    0.00    0.00    0.30  21.40
sda              0.00      0.00     0.00   0.00    0.00     0.00   23.00      0.25    12.00  34.29   20.61    11.30    0.00      0.00     0.00   0.00    0.00     0.00    6.00   34.17    0.68  20.60
sdb              0.00      0.00     0.00   0.00    0.00     0.00    0.00      0.00     0.00   0.00    0.00     0.00    0.00      0.00     0.00   0.00    0.00     0.00    0.00    0.00    0.00   0.00
sdg              0.00      0.00     0.00   0.00    0.00     0.00    0.00      0.00     0.00   0.00    0.00     0.00    0.00      0.00     0.00   0.00    0.00     0.00    0.00    0.00    0.00   0.00


avg-cpu:  %user   %nice %system %iowait  %steal   %idle
           0.14    0.00    0.32    0.00    0.00   99.54

Device            r/s     rMB/s   rrqm/s  %rrqm r_await rareq-sz     w/s     wMB/s   wrqm/s  %wrqm w_await wareq-sz     d/s     dMB/s   drqm/s  %drqm d_await dareq-sz     f/s f_await  aqu-sz  %util
dm-0             0.00      0.00     0.00   0.00    0.00     0.00    0.00      0.00     0.00   0.00    0.00     0.00    0.00      0.00     0.00   0.00    0.00     0.00    0.00    0.00    0.00   0.00
dm-1             0.00      0.00     0.00   0.00    0.00     0.00    0.00      0.00     0.00   0.00    0.00     0.00    0.00      0.00     0.00   0.00    0.00     0.00    0.00    0.00    0.00   0.00
dm-2             0.00      0.00     0.00   0.00    0.00     0.00    0.00      0.00     0.00   0.00    0.00     0.00    0.00      0.00     0.00   0.00    0.00     0.00    0.00    0.00    0.00   0.00
md0              0.00      0.00     0.00   0.00    0.00     0.00    0.00      0.00     0.00   0.00    0.00     0.00    0.00      0.00     0.00   0.00    0.00     0.00    0.00    0.00    0.00   0.00
md1              0.00      0.00     0.00   0.00    0.00     0.00 43951.00   2746.94     0.00   0.00    0.03    64.00    0.00      0.00     0.00   0.00    0.00     0.00    0.00    0.00    1.25  89.70
nvme0n1          0.00      0.00     0.00   0.00    0.00     0.00 10986.00    686.62     0.00   0.00    0.03    64.00    0.00      0.00     0.00   0.00    0.00     0.00    0.00    0.00    0.30  24.70
nvme1n1          0.00      0.00     0.00   0.00    0.00     0.00 10991.00    686.94     0.00   0.00    0.03    64.00    0.00      0.00     0.00   0.00    0.00     0.00    0.00    0.00    0.31  23.00
nvme2n1          0.00      0.00     0.00   0.00    0.00     0.00 10992.00    687.00     0.00   0.00    0.03    64.00    0.00      0.00     0.00   0.00    0.00     0.00    0.00    0.00    0.31  22.20
nvme3n1          0.00      0.00     0.00   0.00    0.00     0.00 10987.00    686.69     0.00   0.00    0.03    64.00    0.00      0.00     0.00   0.00    0.00     0.00    0.00    0.00    0.30  23.50
sda              0.00      0.00     0.00   0.00    0.00     0.00    0.00      0.00     0.00   0.00    0.00     0.00    0.00      0.00     0.00   0.00    0.00     0.00    0.00    0.00    0.00   0.00
sdb              0.00      0.00     0.00   0.00    0.00     0.00    0.00      0.00     0.00   0.00    0.00     0.00    0.00      0.00     0.00   0.00    0.00     0.00    0.00    0.00    0.00   0.00
sdg              0.00      0.00     0.00   0.00    0.00     0.00    0.00      0.00     0.00   0.00    0.00     0.00    0.00      0.00     0.00   0.00    0.00     0.00    0.00    0.00    0.00   0.00


avg-cpu:  %user   %nice %system %iowait  %steal   %idle
           0.17    0.00    0.35    0.00    0.00   99.47

Device            r/s     rMB/s   rrqm/s  %rrqm r_await rareq-sz     w/s     wMB/s   wrqm/s  %wrqm w_await wareq-sz     d/s     dMB/s   drqm/s  %drqm d_await dareq-sz     f/s f_await  aqu-sz  %util
dm-0             0.00      0.00     0.00   0.00    0.00     0.00    0.00      0.00     0.00   0.00    0.00     0.00    0.00      0.00     0.00   0.00    0.00     0.00    0.00    0.00    0.00   0.00
dm-1             0.00      0.00     0.00   0.00    0.00     0.00    0.00      0.00     0.00   0.00    0.00     0.00    0.00      0.00     0.00   0.00    0.00     0.00    0.00    0.00    0.00   0.00
dm-2             0.00      0.00     0.00   0.00    0.00     0.00    0.00      0.00     0.00   0.00    0.00     0.00    0.00      0.00     0.00   0.00    0.00     0.00    0.00    0.00    0.00   0.00
md0              0.00      0.00     0.00   0.00    0.00     0.00    0.00      0.00     0.00   0.00    0.00     0.00    0.00      0.00     0.00   0.00    0.00     0.00    0.00    0.00    0.00   0.00
md1              0.00      0.00     0.00   0.00    0.00     0.00 43999.00   2749.94     0.00   0.00    0.03    64.00    0.00      0.00     0.00   0.00    0.00     0.00    0.00    0.00    1.22  86.60
nvme0n1          0.00      0.00     0.00   0.00    0.00     0.00 11001.00    687.56     0.00   0.00    0.03    64.00    0.00      0.00     0.00   0.00    0.00     0.00    0.00    0.00    0.30  25.80
nvme1n1          0.00      0.00     0.00   0.00    0.00     0.00 11000.00    687.50     0.00   0.00    0.03    64.00    0.00      0.00     0.00   0.00    0.00     0.00    0.00    0.00    0.30  20.60
nvme2n1          0.00      0.00     0.00   0.00    0.00     0.00 11000.00    687.50     0.00   0.00    0.03    64.00    0.00      0.00     0.00   0.00    0.00     0.00    0.00    0.00    0.30  17.30
nvme3n1          0.00      0.00     0.00   0.00    0.00     0.00 11000.00    687.50     0.00   0.00    0.03    64.00    0.00      0.00     0.00   0.00    0.00     0.00    0.00    0.00    0.30  27.10
sda              0.00      0.00     0.00   0.00    0.00     0.00    0.00      0.00     0.00   0.00    0.00     0.00    0.00      0.00     0.00   0.00    0.00     0.00    0.00    0.00    0.00   0.00
sdb              0.00      0.00     0.00   0.00    0.00     0.00    0.00      0.00     0.00   0.00    0.00     0.00    0.00      0.00     0.00   0.00    0.00     0.00    0.00    0.00    0.00   0.00
sdg              0.00      0.00     0.00   0.00    0.00     0.00    0.00      0.00     0.00   0.00    0.00     0.00    0.00      0.00     0.00   0.00    0.00     0.00    0.00    0.00    0.00   0.00


avg-cpu:  %user   %nice %system %iowait  %steal   %idle
           0.22    0.00    0.40    0.00    0.00   99.37

Device            r/s     rMB/s   rrqm/s  %rrqm r_await rareq-sz     w/s     wMB/s   wrqm/s  %wrqm w_await wareq-sz     d/s     dMB/s   drqm/s  %drqm d_await dareq-sz     f/s f_await  aqu-sz  %util
dm-0             0.00      0.00     0.00   0.00    0.00     0.00    0.00      0.00     0.00   0.00    0.00     0.00    0.00      0.00     0.00   0.00    0.00     0.00    0.00    0.00    0.00   0.00
dm-1             0.00      0.00     0.00   0.00    0.00     0.00    0.00      0.00     0.00   0.00    0.00     0.00    0.00      0.00     0.00   0.00    0.00     0.00    0.00    0.00    0.00   0.00
dm-2             0.00      0.00     0.00   0.00    0.00     0.00    0.00      0.00     0.00   0.00    0.00     0.00    0.00      0.00     0.00   0.00    0.00     0.00    0.00    0.00    0.00   0.00
md0              0.00      0.00     0.00   0.00    0.00     0.00    0.00      0.00     0.00   0.00    0.00     0.00    0.00      0.00     0.00   0.00    0.00     0.00    0.00    0.00    0.00   0.00
md1              0.00      0.00     0.00   0.00    0.00     0.00 43657.00   2727.98     0.00   0.00    0.03    63.99    0.00      0.00     0.00   0.00    0.00     0.00    0.00    0.00    1.21  88.10
nvme0n1          0.00      0.00     0.00   0.00    0.00     0.00 10909.00    681.81     0.00   0.00    0.03    64.00    0.00      0.00     0.00   0.00    0.00     0.00    0.00    0.00    0.30  25.40
nvme1n1          0.00      0.00     0.00   0.00    0.00     0.00 10913.00    682.00     0.00   0.00    0.03    63.99    0.00      0.00     0.00   0.00    0.00     0.00    0.00    0.00    0.31  21.60
nvme2n1          0.00      0.00     0.00   0.00    0.00     0.00 10912.00    682.00     0.00   0.00    0.03    64.00    0.00      0.00     0.00   0.00    0.00     0.00    0.00    0.00    0.30  22.20
nvme3n1          0.00      0.00     0.00   0.00    0.00     0.00 10913.00    682.04     8.00   0.07    0.03    64.00    0.00      0.00     0.00   0.00    0.00     0.00    0.00    0.00    0.30  23.00
sda              0.00      0.00     0.00   0.00    0.00     0.00    0.00      0.00     0.00   0.00    0.00     0.00    0.00      0.00     0.00   0.00    0.00     0.00    0.00    0.00    0.00   0.00
sdb              0.00      0.00     0.00   0.00    0.00     0.00    0.00      0.00     0.00   0.00    0.00     0.00    0.00      0.00     0.00   0.00    0.00     0.00    0.00    0.00    0.00   0.00
sdg              0.00      0.00     0.00   0.00    0.00     0.00    0.00      0.00     0.00   0.00    0.00     0.00    0.00      0.00     0.00   0.00    0.00     0.00    0.00    0.00    0.00   0.00


avg-cpu:  %user   %nice %system %iowait  %steal   %idle
           0.15    0.00    0.31    0.00    0.00   99.54

Device            r/s     rMB/s   rrqm/s  %rrqm r_await rareq-sz     w/s     wMB/s   wrqm/s  %wrqm w_await wareq-sz     d/s     dMB/s   drqm/s  %drqm d_await dareq-sz     f/s f_await  aqu-sz  %util
dm-0             0.00      0.00     0.00   0.00    0.00     0.00    0.00      0.00     0.00   0.00    0.00     0.00    0.00      0.00     0.00   0.00    0.00     0.00    0.00    0.00    0.00   0.00
dm-1             0.00      0.00     0.00   0.00    0.00     0.00    0.00      0.00     0.00   0.00    0.00     0.00    0.00      0.00     0.00   0.00    0.00     0.00    0.00    0.00    0.00   0.00
dm-2             0.00      0.00     0.00   0.00    0.00     0.00    0.00      0.00     0.00   0.00    0.00     0.00    0.00      0.00     0.00   0.00    0.00     0.00    0.00    0.00    0.00   0.00
md0              0.00      0.00     0.00   0.00    0.00     0.00    0.00      0.00     0.00   0.00    0.00     0.00    0.00      0.00     0.00   0.00    0.00     0.00    0.00    0.00    0.00   0.00
md1              0.00      0.00     0.00   0.00    0.00     0.00 43916.00   2744.75     0.00   0.00    0.03    64.00    0.00      0.00     0.00   0.00    0.00     0.00    0.00    0.00    1.26  91.70
nvme0n1          0.00      0.00     0.00   0.00    0.00     0.00 10984.00    686.50     0.00   0.00    0.03    64.00    0.00      0.00     0.00   0.00    0.00     0.00    0.00    0.00    0.30  23.20
nvme1n1          0.00      0.00     0.00   0.00    0.00     0.00 10976.00    686.00     0.00   0.00    0.03    64.00    0.00      0.00     0.00   0.00    0.00     0.00    0.00    0.00    0.30  22.30
nvme2n1          0.00      0.00     0.00   0.00    0.00     0.00 10976.00    686.00     0.00   0.00    0.03    64.00    0.00      0.00     0.00   0.00    0.00     0.00    0.00    0.00    0.30  25.00
nvme3n1          0.00      0.00     0.00   0.00    0.00     0.00 10981.00    686.31     0.00   0.00    0.03    64.00    0.00      0.00     0.00   0.00    0.00     0.00    0.00    0.00    0.30  23.10
sda              0.00      0.00     0.00   0.00    0.00     0.00    0.00      0.00     0.00   0.00    0.00     0.00    0.00      0.00     0.00   0.00    0.00     0.00    0.00    0.00    0.00   0.00
sdb              0.00      0.00     0.00   0.00    0.00     0.00    0.00      0.00     0.00   0.00    0.00     0.00    0.00      0.00     0.00   0.00    0.00     0.00    0.00    0.00    0.00   0.00
sdg              0.00      0.00     0.00   0.00    0.00     0.00    0.00      0.00     0.00   0.00    0.00     0.00    0.00      0.00     0.00   0.00    0.00     0.00    0.00    0.00    0.00   0.00


avg-cpu:  %user   %nice %system %iowait  %steal   %idle
           0.15    0.00    0.31    0.09    0.00   99.45

Device            r/s     rMB/s   rrqm/s  %rrqm r_await rareq-sz     w/s     wMB/s   wrqm/s  %wrqm w_await wareq-sz     d/s     dMB/s   drqm/s  %drqm d_await dareq-sz     f/s f_await  aqu-sz  %util
dm-0             0.00      0.00     0.00   0.00    0.00     0.00    1.00      0.00     0.00   0.00    0.00     4.00    0.00      0.00     0.00   0.00    0.00     0.00    0.00    0.00    0.00   0.00
dm-1             0.00      0.00     0.00   0.00    0.00     0.00    0.00      0.00     0.00   0.00    0.00     0.00    0.00      0.00     0.00   0.00    0.00     0.00    0.00    0.00    0.00   0.00
dm-2             0.00      0.00     0.00   0.00    0.00     0.00   16.00      0.21     0.00   0.00    1.00    13.25    0.00      0.00     0.00   0.00    0.00     0.00    0.00    0.00    0.02  23.90
md0              0.00      0.00     0.00   0.00    0.00     0.00    0.00      0.00     0.00   0.00    0.00     0.00    0.00      0.00     0.00   0.00    0.00     0.00    0.00    0.00    0.00   0.00
md1              0.00      0.00     0.00   0.00    0.00     0.00 43444.00   2715.25     0.00   0.00    0.03    64.00    0.00      0.00     0.00   0.00    0.00     0.00    0.00    0.00    1.25  89.80
nvme0n1          0.00      0.00     0.00   0.00    0.00     0.00 10859.00    678.69     0.00   0.00    0.03    64.00    0.00      0.00     0.00   0.00    0.00     0.00    0.00    0.00    0.30  24.20
nvme1n1          0.00      0.00     0.00   0.00    0.00     0.00 10864.00    679.00     0.00   0.00    0.03    64.00    0.00      0.00     0.00   0.00    0.00     0.00    0.00    0.00    0.31  22.80
nvme2n1          0.00      0.00     0.00   0.00    0.00     0.00 10864.00    679.00     0.00   0.00    0.03    64.00    0.00      0.00     0.00   0.00    0.00     0.00    0.00    0.00    0.30  21.40
nvme3n1          0.00      0.00     0.00   0.00    0.00     0.00 10859.00    678.69     0.00   0.00    0.03    64.00    0.00      0.00     0.00   0.00    0.00     0.00    0.00    0.00    0.30  24.80
sda              0.00      0.00     0.00   0.00    0.00     0.00    8.00      0.21     9.00  52.94    1.00    27.00    0.00      0.00     0.00   0.00    0.00     0.00    0.00    0.00    0.01   0.30
sdb              0.00      0.00     0.00   0.00    0.00     0.00    0.00      0.00     0.00   0.00    0.00     0.00    0.00      0.00     0.00   0.00    0.00     0.00    0.00    0.00    0.00   0.00
sdg              0.00      0.00     0.00   0.00    0.00     0.00    0.00      0.00     0.00   0.00    0.00     0.00    0.00      0.00     0.00   0.00    0.00     0.00    0.00    0.00    0.00   0.00


avg-cpu:  %user   %nice %system %iowait  %steal   %idle
           0.15    0.00    0.31    0.16    0.00   99.38

Device            r/s     rMB/s   rrqm/s  %rrqm r_await rareq-sz     w/s     wMB/s   wrqm/s  %wrqm w_await wareq-sz     d/s     dMB/s   drqm/s  %drqm d_await dareq-sz     f/s f_await  aqu-sz  %util
dm-0             0.00      0.00     0.00   0.00    0.00     0.00    0.00      0.00     0.00   0.00    0.00     0.00    0.00      0.00     0.00   0.00    0.00     0.00    0.00    0.00    0.00   0.00
dm-1             0.00      0.00     0.00   0.00    0.00     0.00    0.00      0.00     0.00   0.00    0.00     0.00    0.00      0.00     0.00   0.00    0.00     0.00    0.00    0.00    0.00   0.00
dm-2             0.00      0.00     0.00   0.00    0.00     0.00    2.00      0.00     0.00   0.00  314.00     2.00    0.00      0.00     0.00   0.00    0.00     0.00    0.00    0.00    0.63  39.20
md0              0.00      0.00     0.00   0.00    0.00     0.00    0.00      0.00     0.00   0.00    0.00     0.00    0.00      0.00     0.00   0.00    0.00     0.00    0.00    0.00    0.00   0.00
md1              0.00      0.00     0.00   0.00    0.00     0.00 43199.00   2699.94     0.00   0.00    0.03    64.00    0.00      0.00     0.00   0.00    0.00     0.00    0.00    0.00    1.23  85.90
nvme0n1          0.00      0.00     0.00   0.00    0.00     0.00 10805.00    675.31     0.00   0.00    0.03    64.00    0.00      0.00     0.00   0.00    0.00     0.00    0.00    0.00    0.29  24.10
nvme1n1          0.00      0.00     0.00   0.00    0.00     0.00 10800.00    675.00     0.00   0.00    0.03    64.00    0.00      0.00     0.00   0.00    0.00     0.00    0.00    0.00    0.30  20.80
nvme2n1          0.00      0.00     0.00   0.00    0.00     0.00 10800.00    675.00     0.00   0.00    0.03    64.00    0.00      0.00     0.00   0.00    0.00     0.00    0.00    0.00    0.30  22.90
nvme3n1          0.00      0.00     0.00   0.00    0.00     0.00 10808.00    675.50     0.00   0.00    0.03    64.00    0.00      0.00     0.00   0.00    0.00     0.00    0.00    0.00    0.29  22.90
sda              0.00      0.00     0.00   0.00    0.00     0.00    2.00      0.00     0.00   0.00  314.50     2.00    0.00      0.00     0.00   0.00    0.00     0.00    3.00  209.33    1.26  62.80
sdb              0.00      0.00     0.00   0.00    0.00     0.00    0.00      0.00     0.00   0.00    0.00     0.00    0.00      0.00     0.00   0.00    0.00     0.00    0.00    0.00    0.00   0.00
sdg              0.00      0.00     0.00   0.00    0.00     0.00    0.00      0.00     0.00   0.00    0.00     0.00    0.00      0.00     0.00   0.00    0.00     0.00    0.00    0.00    0.00   0.00

