   7       0 loop0 0 0 0 0 0 0 0 0 0 0 0 0 0 0 0 0 0
   7       1 loop1 0 0 0 0 0 0 0 0 0 0 0 0 0 0 0 0 0
   7       2 loop2 0 0 0 0 0 0 0 0 0 0 0 0 0 0 0 0 0
   7       3 loop3 0 0 0 0 0 0 0 0 0 0 0 0 0 0 0 0 0
   7       4 loop4 0 0 0 0 0 0 0 0 0 0 0 0 0 0 0 0 0
   7       5 loop5 0 0 0 0 0 0 0 0 0 0 0 0 0 0 0 0 0
   7       6 loop6 0 0 0 0 0 0 0 0 0 0 0 0 0 0 0 0 0
   7       7 loop7 0 0 0 0 0 0 0 0 0 0 0 0 0 0 0 0 0
   8       0 sda 34716 13410 1856634 579871 8280 10854 490066 292117 0 215941 1013645 0 0 0 0 1870 141656
   8       1 sda1 167 2146 19346 1105 3 0 10 4 0 909 1110 0 0 0 0 0 0
   8       2 sda2 140 35 9938 4063 37 18 376 3571 0 6067 7635 0 0 0 0 0 0
   8       3 sda3 34309 11229 1822774 571564 8240 10836 489680 288541 0 349157 860105 0 0 0 0 0 0
   8      16 sdb 2090 463 25970 65225 1 0 8 30 0 15159 65285 0 0 0 0 1 29
   9       0 md0 2480 0 25194 68138 1 0 8 31 0 15006 68169 0 0 0 0 0 0
 259       0 nvme3n1 2098248 16 16846048 21043 65566 477 16781200 20673 0 25281 41717 0 0 0 0 0 0
 259       1 nvme2n1 2098273 0 16843480 21525 65565 620 16782336 9626 0 15603 31151 0 0 0 0 0 0
 259       2 nvme1n1 2098254 2 16843544 21373 65580 604 16782336 9763 0 15764 31136 0 0 0 0 0 0
 259       3 nvme0n1 2101923 26008 17083802 23370 65928 5212 16821976 10130 0 15782 33501 0 0 0 0 0 0
   9     127 md127 8422430 0 67613754 105667 269552 0 67167848 52994 0 65561 158661 0 0 0 0 0 0
 252       0 dm-0 21096 0 1381322 890994 13438 0 434040 318046 0 306161 1209040 0 0 0 0 0 0
 252       1 dm-1 593 0 17250 13792 358 0 2632 12865 0 14125 26657 0 0 0 0 0 0
 252       2 dm-2 23806 0 422394 320683 5173 0 53008 58857 1 84628 379540 0 0 0 0 0 0
 251       0 zram0 189 0 4896 1 1331 0 10648 2 0 3 3 0 0 0 0 0 0
 251       1 zram1 189 0 4896 0 1331 0 10648 7 0 7 7 0 0 0 0 0 0
 251       2 zram2 189 0 4896 0 1331 0 10648 1 0 1 1 0 0 0 0 0 0
