   7       0 loop0 0 0 0 0 0 0 0 0 0 0 0 0 0 0 0 0 0
   7       1 loop1 0 0 0 0 0 0 0 0 0 0 0 0 0 0 0 0 0
   7       2 loop2 0 0 0 0 0 0 0 0 0 0 0 0 0 0 0 0 0
   7       3 loop3 0 0 0 0 0 0 0 0 0 0 0 0 0 0 0 0 0
   7       4 loop4 0 0 0 0 0 0 0 0 0 0 0 0 0 0 0 0 0
   7       5 loop5 0 0 0 0 0 0 0 0 0 0 0 0 0 0 0 0 0
   7       6 loop6 0 0 0 0 0 0 0 0 0 0 0 0 0 0 0 0 0
   7       7 loop7 0 0 0 0 0 0 0 0 0 0 0 0 0 0 0 0 0
   8       0 sda 34716 13410 1856634 579871 8503 11025 498922 303312 0 224820 1034143 0 0 0 0 1968 150959
   8       1 sda1 167 2146 19346 1105 3 0 10 4 0 909 1110 0 0 0 0 0 0
   8       2 sda2 140 35 9938 4063 37 18 376 3571 0 6067 7635 0 0 0 0 0 0
   8       3 sda3 34309 11229 1822774 571564 8463 11007 498536 299735 0 358841 871300 0 0 0 0 0 0
   8      16 sdb 2090 463 25970 65225 1 0 8 30 0 15159 65285 0 0 0 0 1 29
   9       0 md0 2480 0 25194 68138 1 0 8 31 0 15006 68169 0 0 0 0 0 0
 259       0 nvme3n1 2098248 16 16846048 21043 2162765 699 33560568 42692 0 46308 63735 0 0 0 0 0 0
 259       1 nvme2n1 2098273 0 16843480 21525 2162726 739 33560576 30862 0 36083 52388 0 0 0 0 0 0
 259       2 nvme1n1 2098254 2 16843544 21373 2162738 726 33560576 31089 0 36346 52462 0 0 0 0 0 0
 259       3 nvme0n1 2101923 26008 17083802 23370 2163109 5579 33602360 31560 0 36858 54931 0 0 0 0 0 0
   9     127 md127 8422430 0 67613754 105667 8659081 0 134284080 157974 0 166366 263641 0 0 0 0 0 0
 252       0 dm-0 21096 0 1381322 890994 13523 0 434704 319763 0 307729 1210757 0 0 0 0 0 0
 252       1 dm-1 593 0 17250 13792 369 0 2712 13503 0 14296 27295 0 0 0 0 0 0
 252       2 dm-2 23806 0 422394 320683 5471 0 61120 70301 0 92206 390984 0 0 0 0 0 0
 251       0 zram0 189 0 4896 1 1331 0 10648 2 0 3 3 0 0 0 0 0 0
 251       1 zram1 189 0 4896 0 1331 0 10648 7 0 7 7 0 0 0 0 0 0
 251       2 zram2 189 0 4896 0 1331 0 10648 1 0 1 1 0 0 0 0 0 0
