Linux 6.8.0-60-generic (raven4) 	10/09/2025 	_x86_64_	(256 CPU)

avg-cpu:  %user   %nice %system %iowait  %steal   %idle
           0.09    0.00    0.07    0.06    0.00   99.78

Device            r/s     rMB/s   rrqm/s  %rrqm r_await rareq-sz     w/s     wMB/s   wrqm/s  %wrqm w_await wareq-sz     d/s     dMB/s   drqm/s  %drqm d_await dareq-sz     f/s f_await  aqu-sz  %util
dm-0             3.16      0.10     0.00   0.00   42.24    32.74    2.12      0.03     0.00   0.00   23.50    15.58    0.00      0.00     0.00   0.00    0.00     0.00    0.00    0.00    0.18   4.75
dm-1             0.09      0.00     0.00   0.00   23.26    14.54    0.06      0.00     0.00   0.00   35.72     3.67    0.00      0.00     0.00   0.00    0.00     0.00    0.00    0.00    0.00   0.21
dm-2             3.56      0.03     0.00   0.00   13.47     8.87    1.00      0.01     0.00   0.00   15.44     7.55    0.00      0.00     0.00   0.00    0.00     0.00    0.00    0.00    0.06   1.83
md0              0.37      0.00     0.00   0.00   27.48     5.08    0.00      0.00     0.00   0.00   31.00     4.00    0.00      0.00     0.00   0.00    0.00     0.00    0.00    0.00    0.01   0.22
md127         3770.56     14.75     0.00   0.00    2.98     4.00 2711.67     24.84     0.00   0.00    0.02     9.38    0.00      0.00     0.00   0.00    0.00     0.00    0.00    0.00   11.30   5.17
nvme0n1        942.09      3.70     3.89   0.41   11.24     4.02  658.17      6.21    20.51   3.02    0.02     9.67    0.00      0.00     0.00   0.00    0.00     0.00    0.00    0.00   10.60   1.80
nvme1n1        941.54      3.68     0.00   0.00    0.17     4.00  658.10      6.21    19.54   2.88    0.02     9.66    0.00      0.00     0.00   0.00    0.00     0.00    0.00    0.00    0.17   1.80
nvme2n1        941.54      3.68     0.00   0.00    0.20     4.00  658.15      6.21    19.53   2.88    0.02     9.66    0.00      0.00     0.00   0.00    0.00     0.00    0.00    0.00    0.20   1.80
nvme3n1        941.54      3.68     0.00   0.00    0.31     4.00  658.14      6.21    19.52   2.88    0.02     9.66    0.00      0.00     0.00   0.00    0.00     0.00    0.00    0.00    0.31   2.21
sda              5.19      0.14     2.01  27.86   16.70    26.74    1.44      0.04     1.76  55.06   36.02    28.36    0.00      0.00     0.00   0.00    0.00     0.00    0.35   77.98    0.17   3.83
sdb              0.31      0.00     0.07  18.14   31.21     6.21    0.00      0.00     0.00   0.00   30.00     4.00    0.00      0.00     0.00   0.00    0.00     0.00    0.00   29.00    0.01   0.23
zram0            0.03      0.00     0.00   0.00    0.01    12.95    0.20      0.00     0.00   0.00    0.00     4.00    0.00      0.00     0.00   0.00    0.00     0.00    0.00    0.00    0.00   0.00
zram1            0.03      0.00     0.00   0.00    0.00    12.95    0.20      0.00     0.00   0.00    0.01     4.00    0.00      0.00     0.00   0.00    0.00     0.00    0.00    0.00    0.00   0.00
zram2            0.03      0.00     0.00   0.00    0.00    12.95    0.20      0.00     0.00   0.00    0.00     4.00    0.00      0.00     0.00   0.00    0.00     0.00    0.00    0.00    0.00   0.00


avg-cpu:  %user   %nice %system %iowait  %steal   %idle
          49.06    0.00    0.13    0.00    0.00   50.82

Device            r/s     rMB/s   rrqm/s  %rrqm r_await rareq-sz     w/s     wMB/s   wrqm/s  %wrqm w_await wareq-sz     d/s     dMB/s   drqm/s  %drqm d_await dareq-sz     f/s f_await  aqu-sz  %util
dm-0             0.00      0.00     0.00   0.00    0.00     0.00    0.00      0.00     0.00   0.00    0.00     0.00    0.00      0.00     0.00   0.00    0.00     0.00    0.00    0.00    0.00   0.00
dm-1             0.00      0.00     0.00   0.00    0.00     0.00    0.00      0.00     0.00   0.00    0.00     0.00    0.00      0.00     0.00   0.00    0.00     0.00    0.00    0.00    0.00   0.00
dm-2             0.00      0.00     0.00   0.00    0.00     0.00    0.00      0.00     0.00   0.00    0.00     0.00    0.00      0.00     0.00   0.00    0.00     0.00    0.00    0.00    0.00   0.00
md0              0.00      0.00     0.00   0.00    0.00     0.00    0.00      0.00     0.00   0.00    0.00     0.00    0.00      0.00     0.00   0.00    0.00     0.00    0.00    0.00    0.00   0.00
md127            0.00      0.00     0.00   0.00    0.00     0.00    0.00      0.00     0.00   0.00    0.00     0.00    0.00      0.00     0.00   0.00    0.00     0.00    0.00    0.00    0.00   0.00
nvme0n1          0.00      0.00     0.00   0.00    0.00     0.00    0.00      0.00     0.00   0.00    0.00     0.00    0.00      0.00     0.00   0.00    0.00     0.00    0.00    0.00    0.00   0.00
nvme1n1          0.00      0.00     0.00   0.00    0.00     0.00    0.00      0.00     0.00   0.00    0.00     0.00    0.00      0.00     0.00   0.00    0.00     0.00    0.00    0.00    0.00   0.00
nvme2n1          0.00      0.00     0.00   0.00    0.00     0.00    0.00      0.00     0.00   0.00    0.00     0.00    0.00      0.00     0.00   0.00    0.00     0.00    0.00    0.00    0.00   0.00
nvme3n1          0.00      0.00     0.00   0.00    0.00     0.00    0.00      0.00     0.00   0.00    0.00     0.00    0.00      0.00     0.00   0.00    0.00     0.00    0.00    0.00    0.00   0.00
sda              0.00      0.00     0.00   0.00    0.00     0.00    0.00      0.00     0.00   0.00    0.00     0.00    0.00      0.00     0.00   0.00    0.00     0.00    0.00    0.00    0.00   0.00
sdb              0.00      0.00     0.00   0.00    0.00     0.00    0.00      0.00     0.00   0.00    0.00     0.00    0.00      0.00     0.00   0.00    0.00     0.00    0.00    0.00    0.00   0.00
zram0            0.00      0.00     0.00   0.00    0.00     0.00    0.00      0.00     0.00   0.00    0.00     0.00    0.00      0.00     0.00   0.00    0.00     0.00    0.00    0.00    0.00   0.00
zram1            0.00      0.00     0.00   0.00    0.00     0.00    0.00      0.00     0.00   0.00    0.00     0.00    0.00      0.00     0.00   0.00    0.00     0.00    0.00    0.00    0.00   0.00
zram2            0.00      0.00     0.00   0.00    0.00     0.00    0.00      0.00     0.00   0.00    0.00     0.00    0.00      0.00     0.00   0.00    0.00     0.00    0.00    0.00    0.00   0.00


avg-cpu:  %user   %nice %system %iowait  %steal   %idle
           0.56    0.00   77.36    0.04    0.00   22.04

Device            r/s     rMB/s   rrqm/s  %rrqm r_await rareq-sz     w/s     wMB/s   wrqm/s  %wrqm w_await wareq-sz     d/s     dMB/s   drqm/s  %drqm d_await dareq-sz     f/s f_await  aqu-sz  %util
dm-0             0.00      0.00     0.00   0.00    0.00     0.00    0.00      0.00     0.00   0.00    0.00     0.00    0.00      0.00     0.00   0.00    0.00     0.00    0.00    0.00    0.00   0.00
dm-1             0.00      0.00     0.00   0.00    0.00     0.00    0.00      0.00     0.00   0.00    0.00     0.00    0.00      0.00     0.00   0.00    0.00     0.00    0.00    0.00    0.00   0.00
dm-2             0.00      0.00     0.00   0.00    0.00     0.00   17.00      0.06     0.00   0.00    2.94     3.76    0.00      0.00     0.00   0.00    0.00     0.00    0.00    0.00    0.05   5.00
md0              0.00      0.00     0.00   0.00    0.00     0.00    0.00      0.00     0.00   0.00    0.00     0.00    0.00      0.00     0.00   0.00    0.00     0.00    0.00    0.00    0.00   0.00
md127            0.00      0.00     0.00   0.00    0.00     0.00 829646.00   3240.80     0.00   0.00    0.02     4.00    0.00      0.00     0.00   0.00    0.00     0.00    0.00    0.00   20.41  82.70
nvme0n1          0.00      0.00     0.00   0.00    0.00     0.00 219635.00    857.95     0.00   0.00    0.05     4.00    0.00      0.00     0.00   0.00    0.00     0.00    0.00    0.00   10.43  76.30
nvme1n1          0.00      0.00     0.00   0.00    0.00     0.00 211937.00    827.88     0.00   0.00    0.01     4.00    0.00      0.00     0.00   0.00    0.00     0.00    0.00    0.00    2.67  77.30
nvme2n1          0.00      0.00     0.00   0.00    0.00     0.00 203602.00    795.32     0.00   0.00    0.01     4.00    0.00      0.00     0.00   0.00    0.00     0.00    0.00    0.00    2.47  75.50
nvme3n1          0.00      0.00     0.00   0.00    0.00     0.00 194523.00    759.86     0.00   0.00    0.01     4.00    0.00      0.00     0.00   0.00    0.00     0.00    0.00    0.00    2.25  74.30
sda              0.00      0.00     0.00   0.00    0.00     0.00    3.00      0.06    14.00  82.35   17.00    21.33    0.00      0.00     0.00   0.00    0.00     0.00    3.00   17.00    0.10   5.00
sdb              0.00      0.00     0.00   0.00    0.00     0.00    0.00      0.00     0.00   0.00    0.00     0.00    0.00      0.00     0.00   0.00    0.00     0.00    0.00    0.00    0.00   0.00
zram0            0.00      0.00     0.00   0.00    0.00     0.00    0.00      0.00     0.00   0.00    0.00     0.00    0.00      0.00     0.00   0.00    0.00     0.00    0.00    0.00    0.00   0.00
zram1            0.00      0.00     0.00   0.00    0.00     0.00    0.00      0.00     0.00   0.00    0.00     0.00    0.00      0.00     0.00   0.00    0.00     0.00    0.00    0.00    0.00   0.00
zram2            0.00      0.00     0.00   0.00    0.00     0.00    0.00      0.00     0.00   0.00    0.00     0.00    0.00      0.00     0.00   0.00    0.00     0.00    0.00    0.00    0.00   0.00


avg-cpu:  %user   %nice %system %iowait  %steal   %idle
           0.39    0.00   99.25    0.05    0.00    0.31

Device            r/s     rMB/s   rrqm/s  %rrqm r_await rareq-sz     w/s     wMB/s   wrqm/s  %wrqm w_await wareq-sz     d/s     dMB/s   drqm/s  %drqm d_await dareq-sz     f/s f_await  aqu-sz  %util
dm-0             0.00      0.00     0.00   0.00    0.00     0.00    0.00      0.00     0.00   0.00    0.00     0.00    0.00      0.00     0.00   0.00    0.00     0.00    0.00    0.00    0.00   0.00
dm-1             0.00      0.00     0.00   0.00    0.00     0.00    0.00      0.00     0.00   0.00    0.00     0.00    0.00      0.00     0.00   0.00    0.00     0.00    0.00    0.00    0.00   0.00
dm-2             0.00      0.00     0.00   0.00    0.00     0.00    0.00      0.00     0.00   0.00    0.00     0.00    0.00      0.00     0.00   0.00    0.00     0.00    0.00    0.00    0.00   0.00
md0              0.00      0.00     0.00   0.00    0.00     0.00    0.00      0.00     0.00   0.00    0.00     0.00    0.00      0.00     0.00   0.00    0.00     0.00    0.00    0.00    0.00   0.00
md127            0.00      0.00     0.00   0.00    0.00     0.00 612402.97   2392.20     0.00   0.00    0.01     4.00    0.00      0.00     0.00   0.00    0.00     0.00    0.00    0.00    6.96  98.71
nvme0n1          0.00      0.00     0.00   0.00    0.00     0.00 153675.25    600.30     0.00   0.00    0.01     4.00    0.00      0.00     0.00   0.00    0.00     0.00    0.00    0.00    1.67  75.45
nvme1n1          0.00      0.00     0.00   0.00    0.00     0.00 152874.26    597.17     0.00   0.00    0.01     4.00    0.00      0.00     0.00   0.00    0.00     0.00    0.00    0.00    1.64  78.22
nvme2n1          0.00      0.00     0.00   0.00    0.00     0.00 152858.42    597.10     0.00   0.00    0.01     4.00    0.00      0.00     0.00   0.00    0.00     0.00    0.00    0.00    1.64  78.71
nvme3n1          0.00      0.00     0.00   0.00    0.00     0.00 152999.01    597.65     0.00   0.00    0.01     4.00    0.00      0.00     0.00   0.00    0.00     0.00    0.00    0.00    1.64  77.43
sda              0.00      0.00     0.00   0.00    0.00     0.00    0.00      0.00     0.00   0.00    0.00     0.00    0.00      0.00     0.00   0.00    0.00     0.00    0.00    0.00    0.00   0.00
sdb              0.00      0.00     0.00   0.00    0.00     0.00    0.00      0.00     0.00   0.00    0.00     0.00    0.00      0.00     0.00   0.00    0.00     0.00    0.00    0.00    0.00   0.00
zram0            0.00      0.00     0.00   0.00    0.00     0.00    0.00      0.00     0.00   0.00    0.00     0.00    0.00      0.00     0.00   0.00    0.00     0.00    0.00    0.00    0.00   0.00
zram1            0.00      0.00     0.00   0.00    0.00     0.00    0.00      0.00     0.00   0.00    0.00     0.00    0.00      0.00     0.00   0.00    0.00     0.00    0.00    0.00    0.00   0.00
zram2            0.00      0.00     0.00   0.00    0.00     0.00    0.00      0.00     0.00   0.00    0.00     0.00    0.00      0.00     0.00   0.00    0.00     0.00    0.00    0.00    0.00   0.00


avg-cpu:  %user   %nice %system %iowait  %steal   %idle
           0.26    0.00   99.43    0.08    0.00    0.23

Device            r/s     rMB/s   rrqm/s  %rrqm r_await rareq-sz     w/s     wMB/s   wrqm/s  %wrqm w_await wareq-sz     d/s     dMB/s   drqm/s  %drqm d_await dareq-sz     f/s f_await  aqu-sz  %util
dm-0             0.00      0.00     0.00   0.00    0.00     0.00    1.00      0.00     0.00   0.00    1.00     4.00    0.00      0.00     0.00   0.00    0.00     0.00    0.00    0.00    0.00   0.10
dm-1             0.00      0.00     0.00   0.00    0.00     0.00    0.00      0.00     0.00   0.00    0.00     0.00    0.00      0.00     0.00   0.00    0.00     0.00    0.00    0.00    0.00   0.00
dm-2             0.00      0.00     0.00   0.00    0.00     0.00   39.00      0.46     0.00   0.00    2.28    12.00    0.00      0.00     0.00   0.00    0.00     0.00    0.00    0.00    0.09   1.10
md0              0.00      0.00     0.00   0.00    0.00     0.00    0.00      0.00     0.00   0.00    0.00     0.00    0.00      0.00     0.00   0.00    0.00     0.00    0.00    0.00    0.00   0.00
md127            0.00      0.00     0.00   0.00    0.00     0.00 416266.00   1626.04     0.00   0.00    0.01     4.00    0.00      0.00     0.00   0.00    0.00     0.00    0.00    0.00    4.64  98.80
nvme0n1          0.00      0.00     0.00   0.00    0.00     0.00 103100.00    402.73     0.00   0.00    0.01     4.00    0.00      0.00     0.00   0.00    0.00     0.00    0.00    0.00    1.07  66.00
nvme1n1          0.00      0.00     0.00   0.00    0.00     0.00 103580.00    404.61     0.00   0.00    0.01     4.00    0.00      0.00     0.00   0.00    0.00     0.00    0.00    0.00    1.08  68.80
nvme2n1          0.00      0.00     0.00   0.00    0.00     0.00 105123.00    410.64     0.00   0.00    0.01     4.00    0.00      0.00     0.00   0.00    0.00     0.00    0.00    0.00    1.10  67.30
nvme3n1          0.00      0.00     0.00   0.00    0.00     0.00 104458.00    408.04     0.00   0.00    0.01     4.00    0.00      0.00     0.00   0.00    0.00     0.00    0.00    0.00    1.09  64.10
sda              0.00      0.00     0.00   0.00    0.00     0.00   17.00      0.46    23.00  57.50    2.47    27.76    0.00      0.00     0.00   0.00    0.00     0.00    0.00    0.00    0.04   0.50
sdb              0.00      0.00     0.00   0.00    0.00     0.00    0.00      0.00     0.00   0.00    0.00     0.00    0.00      0.00     0.00   0.00    0.00     0.00    0.00    0.00    0.00   0.00
zram0            0.00      0.00     0.00   0.00    0.00     0.00    0.00      0.00     0.00   0.00    0.00     0.00    0.00      0.00     0.00   0.00    0.00     0.00    0.00    0.00    0.00   0.00
zram1            0.00      0.00     0.00   0.00    0.00     0.00    0.00      0.00     0.00   0.00    0.00     0.00    0.00      0.00     0.00   0.00    0.00     0.00    0.00    0.00    0.00   0.00
zram2            0.00      0.00     0.00   0.00    0.00     0.00    0.00      0.00     0.00   0.00    0.00     0.00    0.00      0.00     0.00   0.00    0.00     0.00    0.00    0.00    0.00   0.00


avg-cpu:  %user   %nice %system %iowait  %steal   %idle
           0.23    0.00   97.78    0.16    0.00    1.83

Device            r/s     rMB/s   rrqm/s  %rrqm r_await rareq-sz     w/s     wMB/s   wrqm/s  %wrqm w_await wareq-sz     d/s     dMB/s   drqm/s  %drqm d_await dareq-sz     f/s f_await  aqu-sz  %util
dm-0             0.00      0.00     0.00   0.00    0.00     0.00    5.00      0.02     0.00   0.00   13.60     3.20    0.00      0.00     0.00   0.00    0.00     0.00    0.00    0.00    0.07   6.80
dm-1             0.00      0.00     0.00   0.00    0.00     0.00    0.00      0.00     0.00   0.00    0.00     0.00    0.00      0.00     0.00   0.00    0.00     0.00    0.00    0.00    0.00   0.00
dm-2             0.00      0.00     0.00   0.00    0.00     0.00    0.00      0.00     0.00   0.00    0.00     0.00    0.00      0.00     0.00   0.00    0.00     0.00    0.00    0.00    0.00   0.00
md0              0.00      0.00     0.00   0.00    0.00     0.00    0.00      0.00     0.00   0.00    0.00     0.00    0.00      0.00     0.00   0.00    0.00     0.00    0.00    0.00    0.00   0.00
md127            0.00      0.00     0.00   0.00    0.00     0.00 425606.00   1662.52     0.00   0.00    0.01     4.00    0.00      0.00     0.00   0.00    0.00     0.00    0.00    0.00    4.59  96.70
nvme0n1          0.00      0.00     0.00   0.00    0.00     0.00 106797.00    417.18     0.00   0.00    0.01     4.00    0.00      0.00     0.00   0.00    0.00     0.00    0.00    0.00    1.12  64.00
nvme1n1          0.00      0.00     0.00   0.00    0.00     0.00 106918.00    417.64     0.00   0.00    0.01     4.00    0.00      0.00     0.00   0.00    0.00     0.00    0.00    0.00    1.12  63.10
nvme2n1          0.00      0.00     0.00   0.00    0.00     0.00 105252.00    411.14     0.00   0.00    0.01     4.00    0.00      0.00     0.00   0.00    0.00     0.00    0.00    0.00    1.11  63.60
nvme3n1          0.00      0.00     0.00   0.00    0.00     0.00 106589.00    416.36     0.00   0.00    0.01     4.00    0.00      0.00     0.00   0.00    0.00     0.00    0.00    0.00    1.12  65.70
sda              0.00      0.00     0.00   0.00    0.00     0.00    3.00      0.02     2.00  40.00   23.00     5.33    0.00      0.00     0.00   0.00    0.00     0.00    3.00   22.67    0.14   6.80
sdb              0.00      0.00     0.00   0.00    0.00     0.00    0.00      0.00     0.00   0.00    0.00     0.00    0.00      0.00     0.00   0.00    0.00     0.00    0.00    0.00    0.00   0.00
zram0            0.00      0.00     0.00   0.00    0.00     0.00    0.00      0.00     0.00   0.00    0.00     0.00    0.00      0.00     0.00   0.00    0.00     0.00    0.00    0.00    0.00   0.00
zram1            0.00      0.00     0.00   0.00    0.00     0.00    0.00      0.00     0.00   0.00    0.00     0.00    0.00      0.00     0.00   0.00    0.00     0.00    0.00    0.00    0.00   0.00
zram2            0.00      0.00     0.00   0.00    0.00     0.00    0.00      0.00     0.00   0.00    0.00     0.00    0.00      0.00     0.00   0.00    0.00     0.00    0.00    0.00    0.00   0.00


avg-cpu:  %user   %nice %system %iowait  %steal   %idle
           0.57    0.00   91.72    0.04    0.00    7.67

Device            r/s     rMB/s   rrqm/s  %rrqm r_await rareq-sz     w/s     wMB/s   wrqm/s  %wrqm w_await wareq-sz     d/s     dMB/s   drqm/s  %drqm d_await dareq-sz     f/s f_await  aqu-sz  %util
dm-0             0.00      0.00     0.00   0.00    0.00     0.00    0.00      0.00     0.00   0.00    0.00     0.00    0.00      0.00     0.00   0.00    0.00     0.00    0.00    0.00    0.00   0.00
dm-1             0.00      0.00     0.00   0.00    0.00     0.00    0.00      0.00     0.00   0.00    0.00     0.00    0.00      0.00     0.00   0.00    0.00     0.00    0.00    0.00    0.00   0.00
dm-2             0.00      0.00     0.00   0.00    0.00     0.00    0.00      0.00     0.00   0.00    0.00     0.00    0.00      0.00     0.00   0.00    0.00     0.00    0.00    0.00    0.00   0.00
md0              0.00      0.00     0.00   0.00    0.00     0.00    0.00      0.00     0.00   0.00    0.00     0.00    0.00      0.00     0.00   0.00    0.00     0.00    0.00    0.00    0.00   0.00
md127            0.00      0.00     0.00   0.00    0.00     0.00 884710.00   3455.90     0.00   0.00    0.01     4.00    0.00      0.00     0.00   0.00    0.00     0.00    0.00    0.00   11.76 101.90
nvme0n1          0.00      0.00     0.00   0.00    0.00     0.00 221046.00    863.95   124.00   0.06    0.01     4.00    0.00      0.00     0.00   0.00    0.00     0.00    0.00    0.00    2.62  85.20
nvme1n1          0.00      0.00     0.00   0.00    0.00     0.00 220822.00    863.27   174.00   0.08    0.01     4.00    0.00      0.00     0.00   0.00    0.00     0.00    0.00    0.00    2.64  85.30
nvme2n1          0.00      0.00     0.00   0.00    0.00     0.00 220809.00    863.51   248.00   0.11    0.01     4.00    0.00      0.00     0.00   0.00    0.00     0.00    0.00    0.00    2.61  85.00
nvme3n1          0.00      0.00     0.00   0.00    0.00     0.00 221282.00    865.31   237.00   0.11    0.01     4.00    0.00      0.00     0.00   0.00    0.00     0.00    0.00    0.00    2.62  94.10
sda              0.00      0.00     0.00   0.00    0.00     0.00    0.00      0.00     0.00   0.00    0.00     0.00    0.00      0.00     0.00   0.00    0.00     0.00    0.00    0.00    0.00   0.00
sdb              0.00      0.00     0.00   0.00    0.00     0.00    0.00      0.00     0.00   0.00    0.00     0.00    0.00      0.00     0.00   0.00    0.00     0.00    0.00    0.00    0.00   0.00
zram0            0.00      0.00     0.00   0.00    0.00     0.00    0.00      0.00     0.00   0.00    0.00     0.00    0.00      0.00     0.00   0.00    0.00     0.00    0.00    0.00    0.00   0.00
zram1            0.00      0.00     0.00   0.00    0.00     0.00    0.00      0.00     0.00   0.00    0.00     0.00    0.00      0.00     0.00   0.00    0.00     0.00    0.00    0.00    0.00   0.00
zram2            0.00      0.00     0.00   0.00    0.00     0.00    0.00      0.00     0.00   0.00    0.00     0.00    0.00      0.00     0.00   0.00    0.00     0.00    0.00    0.00    0.00   0.00


avg-cpu:  %user   %nice %system %iowait  %steal   %idle
           0.35    0.00   99.24    0.04    0.00    0.37

Device            r/s     rMB/s   rrqm/s  %rrqm r_await rareq-sz     w/s     wMB/s   wrqm/s  %wrqm w_await wareq-sz     d/s     dMB/s   drqm/s  %drqm d_await dareq-sz     f/s f_await  aqu-sz  %util
dm-0             0.00      0.00     0.00   0.00    0.00     0.00    0.00      0.00     0.00   0.00    0.00     0.00    0.00      0.00     0.00   0.00    0.00     0.00    0.00    0.00    0.00   0.00
dm-1             0.00      0.00     0.00   0.00    0.00     0.00    0.00      0.00     0.00   0.00    0.00     0.00    0.00      0.00     0.00   0.00    0.00     0.00    0.00    0.00    0.00   0.00
dm-2             0.00      0.00     0.00   0.00    0.00     0.00   11.88      0.04     0.00   0.00    4.25     3.67    0.00      0.00     0.00   0.00    0.00     0.00    0.00    0.00    0.05   5.05
md0              0.00      0.00     0.00   0.00    0.00     0.00    0.00      0.00     0.00   0.00    0.00     0.00    0.00      0.00     0.00   0.00    0.00     0.00    0.00    0.00    0.00   0.00
md127            0.00      0.00     0.00   0.00    0.00     0.00 566586.14   2213.23     0.00   0.00    0.01     4.00    0.00      0.00     0.00   0.00    0.00     0.00    0.00    0.00    6.43  99.50
nvme0n1          0.00      0.00     0.00   0.00    0.00     0.00 141752.48    553.72     0.00   0.00    0.01     4.00    0.00      0.00     0.00   0.00    0.00     0.00    0.00    0.00    1.52  78.22
nvme1n1          0.00      0.00     0.00   0.00    0.00     0.00 142673.27    557.32     0.00   0.00    0.01     4.00    0.00      0.00     0.00   0.00    0.00     0.00    0.00    0.00    1.53  77.03
nvme2n1          0.00      0.00     0.00   0.00    0.00     0.00 141469.31    552.61     0.00   0.00    0.01     4.00    0.00      0.00     0.00   0.00    0.00     0.00    0.00    0.00    1.51  76.93
nvme3n1          0.00      0.00     0.00   0.00    0.00     0.00 140716.83    549.68     0.00   0.00    0.01     4.00    0.00      0.00     0.00   0.00    0.00     0.00    0.00    0.00    1.51  75.84
sda              0.00      0.00     0.00   0.00    0.00     0.00    2.97      0.04     8.91  75.00   17.33    14.67    0.00      0.00     0.00   0.00    0.00     0.00    2.97   17.33    0.10   5.05
sdb              0.00      0.00     0.00   0.00    0.00     0.00    0.00      0.00     0.00   0.00    0.00     0.00    0.00      0.00     0.00   0.00    0.00     0.00    0.00    0.00    0.00   0.00
zram0            0.00      0.00     0.00   0.00    0.00     0.00    0.00      0.00     0.00   0.00    0.00     0.00    0.00      0.00     0.00   0.00    0.00     0.00    0.00    0.00    0.00   0.00
zram1            0.00      0.00     0.00   0.00    0.00     0.00    0.00      0.00     0.00   0.00    0.00     0.00    0.00      0.00     0.00   0.00    0.00     0.00    0.00    0.00    0.00   0.00
zram2            0.00      0.00     0.00   0.00    0.00     0.00    0.00      0.00     0.00   0.00    0.00     0.00    0.00      0.00     0.00   0.00    0.00     0.00    0.00    0.00    0.00   0.00


avg-cpu:  %user   %nice %system %iowait  %steal   %idle
           0.32    0.00   99.26    0.14    0.00    0.28

Device            r/s     rMB/s   rrqm/s  %rrqm r_await rareq-sz     w/s     wMB/s   wrqm/s  %wrqm w_await wareq-sz     d/s     dMB/s   drqm/s  %drqm d_await dareq-sz     f/s f_await  aqu-sz  %util
dm-0             0.00      0.00     0.00   0.00    0.00     0.00    0.00      0.00     0.00   0.00    0.00     0.00    0.00      0.00     0.00   0.00    0.00     0.00    0.00    0.00    0.00   0.00
dm-1             0.00      0.00     0.00   0.00    0.00     0.00    0.00      0.00     0.00   0.00    0.00     0.00    0.00      0.00     0.00   0.00    0.00     0.00    0.00    0.00    0.00   0.00
dm-2             0.00      0.00     0.00   0.00    0.00     0.00    0.00      0.00     0.00   0.00    0.00     0.00    0.00      0.00     0.00   0.00    0.00     0.00    0.00    0.00    0.00   0.00
md0              0.00      0.00     0.00   0.00    0.00     0.00    0.00      0.00     0.00   0.00    0.00     0.00    0.00      0.00     0.00   0.00    0.00     0.00    0.00    0.00    0.00   0.00
md127            0.00      0.00     0.00   0.00    0.00     0.00 430489.00   1681.60     0.00   0.00    0.01     4.00    0.00      0.00     0.00   0.00    0.00     0.00    0.00    0.00    4.77  97.20
nvme0n1          0.00      0.00     0.00   0.00    0.00     0.00 107489.00    419.88     0.00   0.00    0.01     4.00    0.00      0.00     0.00   0.00    0.00     0.00    0.00    0.00    1.12  65.50
nvme1n1          0.00      0.00     0.00   0.00    0.00     0.00 105931.00    413.79     0.00   0.00    0.01     4.00    0.00      0.00     0.00   0.00    0.00     0.00    0.00    0.00    1.10  66.90
nvme2n1          0.00      0.00     0.00   0.00    0.00     0.00 108518.00    423.90     0.00   0.00    0.01     4.00    0.00      0.00     0.00   0.00    0.00     0.00    0.00    0.00    1.13  67.00
nvme3n1          0.00      0.00     0.00   0.00    0.00     0.00 108579.00    424.14     0.00   0.00    0.01     4.00    0.00      0.00     0.00   0.00    0.00     0.00    0.00    0.00    1.14  65.30
sda              0.00      0.00     0.00   0.00    0.00     0.00    0.00      0.00     0.00   0.00    0.00     0.00    0.00      0.00     0.00   0.00    0.00     0.00    0.00    0.00    0.00   0.00
sdb              0.00      0.00     0.00   0.00    0.00     0.00    0.00      0.00     0.00   0.00    0.00     0.00    0.00      0.00     0.00   0.00    0.00     0.00    0.00    0.00    0.00   0.00
zram0            0.00      0.00     0.00   0.00    0.00     0.00    0.00      0.00     0.00   0.00    0.00     0.00    0.00      0.00     0.00   0.00    0.00     0.00    0.00    0.00    0.00   0.00
zram1            0.00      0.00     0.00   0.00    0.00     0.00    0.00      0.00     0.00   0.00    0.00     0.00    0.00      0.00     0.00   0.00    0.00     0.00    0.00    0.00    0.00   0.00
zram2            0.00      0.00     0.00   0.00    0.00     0.00    0.00      0.00     0.00   0.00    0.00     0.00    0.00      0.00     0.00   0.00    0.00     0.00    0.00    0.00    0.00   0.00


avg-cpu:  %user   %nice %system %iowait  %steal   %idle
           0.42    0.00   98.69    0.25    0.00    0.64

Device            r/s     rMB/s   rrqm/s  %rrqm r_await rareq-sz     w/s     wMB/s   wrqm/s  %wrqm w_await wareq-sz     d/s     dMB/s   drqm/s  %drqm d_await dareq-sz     f/s f_await  aqu-sz  %util
dm-0             0.00      0.00     0.00   0.00    0.00     0.00    0.00      0.00     0.00   0.00    0.00     0.00    0.00      0.00     0.00   0.00    0.00     0.00    0.00    0.00    0.00   0.00
dm-1             0.00      0.00     0.00   0.00    0.00     0.00    0.00      0.00     0.00   0.00    0.00     0.00    0.00      0.00     0.00   0.00    0.00     0.00    0.00    0.00    0.00   0.00
dm-2             0.00      0.00     0.00   0.00    0.00     0.00    0.00      0.00     0.00   0.00    0.00     0.00    0.00      0.00     0.00   0.00    0.00     0.00    0.00    0.00    0.00   0.00
md0              0.00      0.00     0.00   0.00    0.00     0.00    0.00      0.00     0.00   0.00    0.00     0.00    0.00      0.00     0.00   0.00    0.00     0.00    0.00    0.00    0.00   0.00
md127            0.00      0.00     0.00   0.00    0.00     0.00 513110.00   2004.34     0.00   0.00    0.01     4.00    0.00      0.00     0.00   0.00    0.00     0.00    0.00    0.00    5.41  99.30
nvme0n1          0.00      0.00     0.00   0.00    0.00     0.00 128426.00    501.66     0.00   0.00    0.01     4.00    0.00      0.00     0.00   0.00    0.00     0.00    0.00    0.00    1.35  70.00
nvme1n1          0.00      0.00     0.00   0.00    0.00     0.00 129400.00    505.47     0.00   0.00    0.01     4.00    0.00      0.00     0.00   0.00    0.00     0.00    0.00    0.00    1.37  72.80
nvme2n1          0.00      0.00     0.00   0.00    0.00     0.00 127783.00    499.15     0.00   0.00    0.01     4.00    0.00      0.00     0.00   0.00    0.00     0.00    0.00    0.00    1.35  69.80
nvme3n1          0.00      0.00     0.00   0.00    0.00     0.00 127446.00    497.84     0.00   0.00    0.01     4.00    0.00      0.00     0.00   0.00    0.00     0.00    0.00    0.00    1.35  70.10
sda              0.00      0.00     0.00   0.00    0.00     0.00    0.00      0.00     0.00   0.00    0.00     0.00    0.00      0.00     0.00   0.00    0.00     0.00    0.00    0.00    0.00   0.00
sdb              0.00      0.00     0.00   0.00    0.00     0.00    0.00      0.00     0.00   0.00    0.00     0.00    0.00      0.00     0.00   0.00    0.00     0.00    0.00    0.00    0.00   0.00
zram0            0.00      0.00     0.00   0.00    0.00     0.00    0.00      0.00     0.00   0.00    0.00     0.00    0.00      0.00     0.00   0.00    0.00     0.00    0.00    0.00    0.00   0.00
zram1            0.00      0.00     0.00   0.00    0.00     0.00    0.00      0.00     0.00   0.00    0.00     0.00    0.00      0.00     0.00   0.00    0.00     0.00    0.00    0.00    0.00   0.00
zram2            0.00      0.00     0.00   0.00    0.00     0.00    0.00      0.00     0.00   0.00    0.00     0.00    0.00      0.00     0.00   0.00    0.00     0.00    0.00    0.00    0.00   0.00


avg-cpu:  %user   %nice %system %iowait  %steal   %idle
           0.55    0.00   96.68    0.57    0.00    2.20

Device            r/s     rMB/s   rrqm/s  %rrqm r_await rareq-sz     w/s     wMB/s   wrqm/s  %wrqm w_await wareq-sz     d/s     dMB/s   drqm/s  %drqm d_await dareq-sz     f/s f_await  aqu-sz  %util
dm-0             0.00      0.00     0.00   0.00    0.00     0.00   34.00      0.15     0.00   0.00    3.44     4.47    0.00      0.00     0.00   0.00    0.00     0.00    0.00    0.00    0.12   7.30
dm-1             0.00      0.00     0.00   0.00    0.00     0.00    0.00      0.00     0.00   0.00    0.00     0.00    0.00      0.00     0.00   0.00    0.00     0.00    0.00    0.00    0.00   0.00
dm-2             0.00      0.00     0.00   0.00    0.00     0.00    8.00      0.18     0.00   0.00    1.62    23.00    0.00      0.00     0.00   0.00    0.00     0.00    0.00    0.00    0.01   0.20
md0              0.00      0.00     0.00   0.00    0.00     0.00    0.00      0.00     0.00   0.00    0.00     0.00    0.00      0.00     0.00   0.00    0.00     0.00    0.00    0.00    0.00   0.00
md127            0.00      0.00     0.00   0.00    0.00     0.00 736206.00   2875.80     0.00   0.00    0.01     4.00    0.00      0.00     0.00   0.00    0.00     0.00    0.00    0.00    8.51 100.10
nvme0n1          0.00      0.00     0.00   0.00    0.00     0.00 182940.00    715.56   242.00   0.13    0.01     4.01    0.00      0.00     0.00   0.00    0.00     0.00    0.00    0.00    2.02  83.40
nvme1n1          0.00      0.00     0.00   0.00    0.00     0.00 183269.00    715.89     0.00   0.00    0.01     4.00    0.00      0.00     0.00   0.00    0.00     0.00    0.00    0.00    2.01  85.50
nvme2n1          0.00      0.00     0.00   0.00    0.00     0.00 184112.00    719.19     0.00   0.00    0.01     4.00    0.00      0.00     0.00   0.00    0.00     0.00    0.00    0.00    2.02  83.40
nvme3n1          0.00      0.00     0.00   0.00    0.00     0.00 185640.00    725.16     0.00   0.00    0.01     4.00    0.00      0.00     0.00   0.00    0.00     0.00    0.00    0.00    2.03  83.80
sda              0.00      0.00     0.00   0.00    0.00     0.00   35.00      0.33     7.00  16.67    3.43     9.60    0.00      0.00     0.00   0.00    0.00     0.00    3.00   21.00    0.18   7.20
sdb              0.00      0.00     0.00   0.00    0.00     0.00    0.00      0.00     0.00   0.00    0.00     0.00    0.00      0.00     0.00   0.00    0.00     0.00    0.00    0.00    0.00   0.00
zram0            0.00      0.00     0.00   0.00    0.00     0.00    0.00      0.00     0.00   0.00    0.00     0.00    0.00      0.00     0.00   0.00    0.00     0.00    0.00    0.00    0.00   0.00
zram1            0.00      0.00     0.00   0.00    0.00     0.00    0.00      0.00     0.00   0.00    0.00     0.00    0.00      0.00     0.00   0.00    0.00     0.00    0.00    0.00    0.00   0.00
zram2            0.00      0.00     0.00   0.00    0.00     0.00    0.00      0.00     0.00   0.00    0.00     0.00    0.00      0.00     0.00   0.00    0.00     0.00    0.00    0.00    0.00   0.00


avg-cpu:  %user   %nice %system %iowait  %steal   %idle
           0.57    0.00   88.73    0.15    0.00   10.55

Device            r/s     rMB/s   rrqm/s  %rrqm r_await rareq-sz     w/s     wMB/s   wrqm/s  %wrqm w_await wareq-sz     d/s     dMB/s   drqm/s  %drqm d_await dareq-sz     f/s f_await  aqu-sz  %util
dm-0             0.00      0.00     0.00   0.00    0.00     0.00    0.00      0.00     0.00   0.00    0.00     0.00    0.00      0.00     0.00   0.00    0.00     0.00    0.00    0.00    0.00   0.00
dm-1             0.00      0.00     0.00   0.00    0.00     0.00    0.00      0.00     0.00   0.00    0.00     0.00    0.00      0.00     0.00   0.00    0.00     0.00    0.00    0.00    0.00   0.00
dm-2             0.00      0.00     0.00   0.00    0.00     0.00    0.00      0.00     0.00   0.00    0.00     0.00    0.00      0.00     0.00   0.00    0.00     0.00    0.00    0.00    0.00   0.00
md0              0.00      0.00     0.00   0.00    0.00     0.00    0.00      0.00     0.00   0.00    0.00     0.00    0.00      0.00     0.00   0.00    0.00     0.00    0.00    0.00    0.00   0.00
md127            0.00      0.00     0.00   0.00    0.00     0.00 844943.14   3300.56     0.00   0.00    0.02     4.00    0.00      0.00     0.00   0.00    0.00     0.00    0.00    0.00   13.15 100.49
nvme0n1          0.00      0.00     0.00   0.00    0.00     0.00 210386.27    822.54   185.29   0.09    0.02     4.00    0.00      0.00     0.00   0.00    0.00     0.00    0.00    0.00    3.17  91.18
nvme1n1          0.00      0.00     0.00   0.00    0.00     0.00 211108.82    825.12   121.57   0.06    0.01     4.00    0.00      0.00     0.00   0.00    0.00     0.00    0.00    0.00    2.61  81.57
nvme2n1          0.00      0.00     0.00   0.00    0.00     0.00 211594.12    827.01   121.57   0.06    0.01     4.00    0.00      0.00     0.00   0.00    0.00     0.00    0.00    0.00    2.45  81.86
nvme3n1          0.00      0.00     0.00   0.00    0.00     0.00 211345.10    826.08   130.39   0.06    0.01     4.00    0.00      0.00     0.00   0.00    0.00     0.00    0.00    0.00    2.45  81.47
sda              0.00      0.00     0.00   0.00    0.00     0.00    0.00      0.00     0.00   0.00    0.00     0.00    0.00      0.00     0.00   0.00    0.00     0.00    0.00    0.00    0.00   0.00
sdb              0.00      0.00     0.00   0.00    0.00     0.00    0.00      0.00     0.00   0.00    0.00     0.00    0.00      0.00     0.00   0.00    0.00     0.00    0.00    0.00    0.00   0.00
zram0            0.00      0.00     0.00   0.00    0.00     0.00    0.00      0.00     0.00   0.00    0.00     0.00    0.00      0.00     0.00   0.00    0.00     0.00    0.00    0.00    0.00   0.00
zram1            0.00      0.00     0.00   0.00    0.00     0.00    0.00      0.00     0.00   0.00    0.00     0.00    0.00      0.00     0.00   0.00    0.00     0.00    0.00    0.00    0.00   0.00
zram2            0.00      0.00     0.00   0.00    0.00     0.00    0.00      0.00     0.00   0.00    0.00     0.00    0.00      0.00     0.00   0.00    0.00     0.00    0.00    0.00    0.00   0.00


avg-cpu:  %user   %nice %system %iowait  %steal   %idle
           0.39    0.00   98.95    0.09    0.00    0.57

Device            r/s     rMB/s   rrqm/s  %rrqm r_await rareq-sz     w/s     wMB/s   wrqm/s  %wrqm w_await wareq-sz     d/s     dMB/s   drqm/s  %drqm d_await dareq-sz     f/s f_await  aqu-sz  %util
dm-0             0.00      0.00     0.00   0.00    0.00     0.00    0.00      0.00     0.00   0.00    0.00     0.00    0.00      0.00     0.00   0.00    0.00     0.00    0.00    0.00    0.00   0.00
dm-1             0.00      0.00     0.00   0.00    0.00     0.00    0.00      0.00     0.00   0.00    0.00     0.00    0.00      0.00     0.00   0.00    0.00     0.00    0.00    0.00    0.00   0.00
dm-2             0.00      0.00     0.00   0.00    0.00     0.00    7.00      0.03     0.00   0.00    0.00     4.00    0.00      0.00     0.00   0.00    0.00     0.00    0.00    0.00    0.00   0.20
md0              0.00      0.00     0.00   0.00    0.00     0.00    0.00      0.00     0.00   0.00    0.00     0.00    0.00      0.00     0.00   0.00    0.00     0.00    0.00    0.00    0.00   0.00
md127            0.00      0.00     0.00   0.00    0.00     0.00 577678.00   2256.55     0.00   0.00    0.01     4.00    0.00      0.00     0.00   0.00    0.00     0.00    0.00    0.00    6.58  99.20
nvme0n1          0.00      0.00     0.00   0.00    0.00     0.00 143372.00    560.05     0.00   0.00    0.01     4.00    0.00      0.00     0.00   0.00    0.00     0.00    0.00    0.00    1.54  76.10
nvme1n1          0.00      0.00     0.00   0.00    0.00     0.00 143368.00    560.04     0.00   0.00    0.01     4.00    0.00      0.00     0.00   0.00    0.00     0.00    0.00    0.00    1.53  77.70
nvme2n1          0.00      0.00     0.00   0.00    0.00     0.00 144904.00    566.03     0.00   0.00    0.01     4.00    0.00      0.00     0.00   0.00    0.00     0.00    0.00    0.00    1.55  76.00
nvme3n1          0.00      0.00     0.00   0.00    0.00     0.00 146004.00    570.32     0.00   0.00    0.01     4.00    0.00      0.00     0.00   0.00    0.00     0.00    0.00    0.00    1.57  74.60
sda              0.00      0.00     0.00   0.00    0.00     0.00    1.00      0.03     6.00  85.71    0.00    28.00    0.00      0.00     0.00   0.00    0.00     0.00    0.00    0.00    0.00   0.00
sdb              0.00      0.00     0.00   0.00    0.00     0.00    0.00      0.00     0.00   0.00    0.00     0.00    0.00      0.00     0.00   0.00    0.00     0.00    0.00    0.00    0.00   0.00
zram0            0.00      0.00     0.00   0.00    0.00     0.00    0.00      0.00     0.00   0.00    0.00     0.00    0.00      0.00     0.00   0.00    0.00     0.00    0.00    0.00    0.00   0.00
zram1            0.00      0.00     0.00   0.00    0.00     0.00    0.00      0.00     0.00   0.00    0.00     0.00    0.00      0.00     0.00   0.00    0.00     0.00    0.00    0.00    0.00   0.00
zram2            0.00      0.00     0.00   0.00    0.00     0.00    0.00      0.00     0.00   0.00    0.00     0.00    0.00      0.00     0.00   0.00    0.00     0.00    0.00    0.00    0.00   0.00


avg-cpu:  %user   %nice %system %iowait  %steal   %idle
           0.25    0.00   98.76    0.16    0.00    0.83

Device            r/s     rMB/s   rrqm/s  %rrqm r_await rareq-sz     w/s     wMB/s   wrqm/s  %wrqm w_await wareq-sz     d/s     dMB/s   drqm/s  %drqm d_await dareq-sz     f/s f_await  aqu-sz  %util
dm-0             0.00      0.00     0.00   0.00    0.00     0.00    0.00      0.00     0.00   0.00    0.00     0.00    0.00      0.00     0.00   0.00    0.00     0.00    0.00    0.00    0.00   0.00
dm-1             0.00      0.00     0.00   0.00    0.00     0.00    0.00      0.00     0.00   0.00    0.00     0.00    0.00      0.00     0.00   0.00    0.00     0.00    0.00    0.00    0.00   0.00
dm-2             0.00      0.00     0.00   0.00    0.00     0.00    2.00      0.00     0.00   0.00   25.50     2.00    0.00      0.00     0.00   0.00    0.00     0.00    0.00    0.00    0.05   4.90
md0              0.00      0.00     0.00   0.00    0.00     0.00    0.00      0.00     0.00   0.00    0.00     0.00    0.00      0.00     0.00   0.00    0.00     0.00    0.00    0.00    0.00   0.00
md127            0.00      0.00     0.00   0.00    0.00     0.00 417302.00   1630.09     0.00   0.00    0.01     4.00    0.00      0.00     0.00   0.00    0.00     0.00    0.00    0.00    4.67  97.90
nvme0n1          0.00      0.00     0.00   0.00    0.00     0.00 101899.00    398.04     0.00   0.00    0.01     4.00    0.00      0.00     0.00   0.00    0.00     0.00    0.00    0.00    1.07  63.80
nvme1n1          0.00      0.00     0.00   0.00    0.00     0.00 104402.00    407.82     0.00   0.00    0.01     4.00    0.00      0.00     0.00   0.00    0.00     0.00    0.00    0.00    1.09  65.80
nvme2n1          0.00      0.00     0.00   0.00    0.00     0.00 105237.00    411.09     0.00   0.00    0.01     4.00    0.00      0.00     0.00   0.00    0.00     0.00    0.00    0.00    1.10  64.10
nvme3n1          0.00      0.00     0.00   0.00    0.00     0.00 105740.00    413.05     0.00   0.00    0.01     4.00    0.00      0.00     0.00   0.00    0.00     0.00    0.00    0.00    1.11  66.50
sda              0.00      0.00     0.00   0.00    0.00     0.00    2.00      0.00     0.00   0.00   25.00     2.00    0.00      0.00     0.00   0.00    0.00     0.00    3.00   16.67    0.10   5.10
sdb              0.00      0.00     0.00   0.00    0.00     0.00    0.00      0.00     0.00   0.00    0.00     0.00    0.00      0.00     0.00   0.00    0.00     0.00    0.00    0.00    0.00   0.00
zram0            0.00      0.00     0.00   0.00    0.00     0.00    0.00      0.00     0.00   0.00    0.00     0.00    0.00      0.00     0.00   0.00    0.00     0.00    0.00    0.00    0.00   0.00
zram1            0.00      0.00     0.00   0.00    0.00     0.00    0.00      0.00     0.00   0.00    0.00     0.00    0.00      0.00     0.00   0.00    0.00     0.00    0.00    0.00    0.00   0.00
zram2            0.00      0.00     0.00   0.00    0.00     0.00    0.00      0.00     0.00   0.00    0.00     0.00    0.00      0.00     0.00   0.00    0.00     0.00    0.00    0.00    0.00   0.00


avg-cpu:  %user   %nice %system %iowait  %steal   %idle
           0.14    0.00   98.69    0.07    0.00    1.10

Device            r/s     rMB/s   rrqm/s  %rrqm r_await rareq-sz     w/s     wMB/s   wrqm/s  %wrqm w_await wareq-sz     d/s     dMB/s   drqm/s  %drqm d_await dareq-sz     f/s f_await  aqu-sz  %util
dm-0             0.00      0.00     0.00   0.00    0.00     0.00    0.00      0.00     0.00   0.00    0.00     0.00    0.00      0.00     0.00   0.00    0.00     0.00    0.00    0.00    0.00   0.00
dm-1             0.00      0.00     0.00   0.00    0.00     0.00    0.00      0.00     0.00   0.00    0.00     0.00    0.00      0.00     0.00   0.00    0.00     0.00    0.00    0.00    0.00   0.00
dm-2             0.00      0.00     0.00   0.00    0.00     0.00    0.00      0.00     0.00   0.00    0.00     0.00    0.00      0.00     0.00   0.00    0.00     0.00    0.00    0.00    0.00   0.00
md0              0.00      0.00     0.00   0.00    0.00     0.00    0.00      0.00     0.00   0.00    0.00     0.00    0.00      0.00     0.00   0.00    0.00     0.00    0.00    0.00    0.00   0.00
md127            0.00      0.00     0.00   0.00    0.00     0.00 224783.17    878.06     0.00   0.00    0.01     4.00    0.00      0.00     0.00   0.00    0.00     0.00    0.00    0.00    2.48  87.82
nvme0n1          0.00      0.00     0.00   0.00    0.00     0.00 55114.85    215.29     0.00   0.00    0.01     4.00    0.00      0.00     0.00   0.00    0.00     0.00    0.00    0.00    0.58  42.77
nvme1n1          0.00      0.00     0.00   0.00    0.00     0.00 55559.41    217.03     0.00   0.00    0.01     4.00    0.00      0.00     0.00   0.00    0.00     0.00    0.00    0.00    0.58  44.75
nvme2n1          0.00      0.00     0.00   0.00    0.00     0.00 56489.11    220.66     0.00   0.00    0.01     4.00    0.00      0.00     0.00   0.00    0.00     0.00    0.00    0.00    0.59  42.87
nvme3n1          0.00      0.00     0.00   0.00    0.00     0.00 57597.03    224.99     0.00   0.00    0.01     4.00    0.00      0.00     0.00   0.00    0.00     0.00    0.00    0.00    0.61  41.98
sda              0.00      0.00     0.00   0.00    0.00     0.00    0.00      0.00     0.00   0.00    0.00     0.00    0.00      0.00     0.00   0.00    0.00     0.00    0.00    0.00    0.00   0.00
sdb              0.00      0.00     0.00   0.00    0.00     0.00    0.00      0.00     0.00   0.00    0.00     0.00    0.00      0.00     0.00   0.00    0.00     0.00    0.00    0.00    0.00   0.00
zram0            0.00      0.00     0.00   0.00    0.00     0.00    0.00      0.00     0.00   0.00    0.00     0.00    0.00      0.00     0.00   0.00    0.00     0.00    0.00    0.00    0.00   0.00
zram1            0.00      0.00     0.00   0.00    0.00     0.00    0.00      0.00     0.00   0.00    0.00     0.00    0.00      0.00     0.00   0.00    0.00     0.00    0.00    0.00    0.00   0.00
zram2            0.00      0.00     0.00   0.00    0.00     0.00    0.00      0.00     0.00   0.00    0.00     0.00    0.00      0.00     0.00   0.00    0.00     0.00    0.00    0.00    0.00   0.00


avg-cpu:  %user   %nice %system %iowait  %steal   %idle
           0.05    0.00   98.54    0.05    0.00    1.35

Device            r/s     rMB/s   rrqm/s  %rrqm r_await rareq-sz     w/s     wMB/s   wrqm/s  %wrqm w_await wareq-sz     d/s     dMB/s   drqm/s  %drqm d_await dareq-sz     f/s f_await  aqu-sz  %util
dm-0             0.00      0.00     0.00   0.00    0.00     0.00    4.00      0.02     0.00   0.00    0.00     4.00    0.00      0.00     0.00   0.00    0.00     0.00    0.00    0.00    0.00  14.80
dm-1             0.00      0.00     0.00   0.00    0.00     0.00    0.00      0.00     0.00   0.00    0.00     0.00    0.00      0.00     0.00   0.00    0.00     0.00    0.00    0.00    0.00   0.00
dm-2             0.00      0.00     0.00   0.00    0.00     0.00    5.00      0.14     0.00   0.00    1.40    28.80    0.00      0.00     0.00   0.00    0.00     0.00    0.00    0.00    0.01   0.30
md0              0.00      0.00     0.00   0.00    0.00     0.00    0.00      0.00     0.00   0.00    0.00     0.00    0.00      0.00     0.00   0.00    0.00     0.00    0.00    0.00    0.00   0.00
md127            0.00      0.00     0.00   0.00    0.00     0.00 85438.00    333.74     0.00   0.00    0.01     4.00    0.00      0.00     0.00   0.00    0.00     0.00    0.00    0.00    0.94  61.20
nvme0n1          0.00      0.00     0.00   0.00    0.00     0.00 21621.00     84.46     0.00   0.00    0.01     4.00    0.00      0.00     0.00   0.00    0.00     0.00    0.00    0.00    0.23  21.20
nvme1n1          0.00      0.00     0.00   0.00    0.00     0.00 20833.00     81.38     0.00   0.00    0.01     4.00    0.00      0.00     0.00   0.00    0.00     0.00    0.00    0.00    0.22  21.20
nvme2n1          0.00      0.00     0.00   0.00    0.00     0.00 21116.00     82.48     0.00   0.00    0.01     4.00    0.00      0.00     0.00   0.00    0.00     0.00    0.00    0.00    0.22  20.30
nvme3n1          0.00      0.00     0.00   0.00    0.00     0.00 21867.00     85.42     0.00   0.00    0.01     4.00    0.00      0.00     0.00   0.00    0.00     0.00    0.00    0.00    0.23  19.60
sda              0.00      0.00     0.00   0.00    0.00     0.00    5.00      0.16     4.00  44.44    1.60    32.00    0.00      0.00     0.00   0.00    0.00     0.00    0.00    0.00    0.01   0.20
sdb              0.00      0.00     0.00   0.00    0.00     0.00    0.00      0.00     0.00   0.00    0.00     0.00    0.00      0.00     0.00   0.00    0.00     0.00    0.00    0.00    0.00   0.00
zram0            0.00      0.00     0.00   0.00    0.00     0.00    0.00      0.00     0.00   0.00    0.00     0.00    0.00      0.00     0.00   0.00    0.00     0.00    0.00    0.00    0.00   0.00
zram1            0.00      0.00     0.00   0.00    0.00     0.00    0.00      0.00     0.00   0.00    0.00     0.00    0.00      0.00     0.00   0.00    0.00     0.00    0.00    0.00    0.00   0.00
zram2            0.00      0.00     0.00   0.00    0.00     0.00    0.00      0.00     0.00   0.00    0.00     0.00    0.00      0.00     0.00   0.00    0.00     0.00    0.00    0.00    0.00   0.00


avg-cpu:  %user   %nice %system %iowait  %steal   %idle
           0.13    0.00   83.21    0.13    0.00   16.54

Device            r/s     rMB/s   rrqm/s  %rrqm r_await rareq-sz     w/s     wMB/s   wrqm/s  %wrqm w_await wareq-sz     d/s     dMB/s   drqm/s  %drqm d_await dareq-sz     f/s f_await  aqu-sz  %util
dm-0             0.00      0.00     0.00   0.00    0.00     0.00   13.86      0.07     0.00   0.00  536.36     4.86    0.00      0.00     0.00   0.00    0.00     0.00    0.00    0.00    7.43  94.95
dm-1             0.00      0.00     0.00   0.00    0.00     0.00    0.00      0.00     0.00   0.00    0.00     0.00    0.00      0.00     0.00   0.00    0.00     0.00    0.00    0.00    0.00   0.00
dm-2             0.00      0.00     0.00   0.00    0.00     0.00    0.00      0.00     0.00   0.00    0.00     0.00    0.00      0.00     0.00   0.00    0.00     0.00    0.00    0.00    0.00   0.00
md0              0.00      0.00     0.00   0.00    0.00     0.00    0.00      0.00     0.00   0.00    0.00     0.00    0.00      0.00     0.00   0.00    0.00     0.00    0.00    0.00    0.00   0.00
md127            0.00      0.00     0.00   0.00    0.00     0.00 215029.70    839.96     0.00   0.00    0.01     4.00    0.00      0.00     0.00   0.00    0.00     0.00    0.00    0.00    2.74  84.75
nvme0n1          0.00      0.00     0.00   0.00    0.00     0.00 53113.86    208.08   154.46   0.29    0.01     4.01    0.00      0.00     0.00   0.00    0.00     0.00    0.00    0.00    0.55  38.91
nvme1n1          0.00      0.00     0.00   0.00    0.00     0.00 53522.77    209.55   122.77   0.23    0.01     4.01    0.00      0.00     0.00   0.00    0.00     0.00    0.00    0.00    0.57  39.31
nvme2n1          0.00      0.00     0.00   0.00    0.00     0.00 53744.55    210.42   122.77   0.23    0.01     4.01    0.00      0.00     0.00   0.00    0.00     0.00    0.00    0.00    0.58  48.12
nvme3n1          0.00      0.00     0.00   0.00    0.00     0.00 54137.62    211.95   122.77   0.23    0.01     4.01    0.00      0.00     0.00   0.00    0.00     0.00    0.00    0.00    0.57  37.82
sda              0.00      0.00     0.00   0.00    0.00     0.00   13.86      0.07     0.00   0.00  529.14     4.86    0.00      0.00     0.00   0.00    0.00     0.00    2.97  368.33    8.43  48.71
sdb              0.00      0.00     0.00   0.00    0.00     0.00    0.00      0.00     0.00   0.00    0.00     0.00    0.00      0.00     0.00   0.00    0.00     0.00    0.00    0.00    0.00   0.00
zram0            0.00      0.00     0.00   0.00    0.00     0.00    0.00      0.00     0.00   0.00    0.00     0.00    0.00      0.00     0.00   0.00    0.00     0.00    0.00    0.00    0.00   0.00
zram1            0.00      0.00     0.00   0.00    0.00     0.00    0.00      0.00     0.00   0.00    0.00     0.00    0.00      0.00     0.00   0.00    0.00     0.00    0.00    0.00    0.00   0.00
zram2            0.00      0.00     0.00   0.00    0.00     0.00    0.00      0.00     0.00   0.00    0.00     0.00    0.00      0.00     0.00   0.00    0.00     0.00    0.00    0.00    0.00   0.00


avg-cpu:  %user   %nice %system %iowait  %steal   %idle
           0.07    0.00   84.35    0.00    0.00   15.57

Device            r/s     rMB/s   rrqm/s  %rrqm r_await rareq-sz     w/s     wMB/s   wrqm/s  %wrqm w_await wareq-sz     d/s     dMB/s   drqm/s  %drqm d_await dareq-sz     f/s f_await  aqu-sz  %util
dm-0             0.00      0.00     0.00   0.00    0.00     0.00    0.00      0.00     0.00   0.00    0.00     0.00    0.00      0.00     0.00   0.00    0.00     0.00    0.00    0.00    0.00   0.00
dm-1             0.00      0.00     0.00   0.00    0.00     0.00    0.00      0.00     0.00   0.00    0.00     0.00    0.00      0.00     0.00   0.00    0.00     0.00    0.00    0.00    0.00   0.00
dm-2             0.00      0.00     0.00   0.00    0.00     0.00    7.00      0.03     0.00   0.00    0.00     4.00    0.00      0.00     0.00   0.00    0.00     0.00    0.00    0.00    0.00   0.10
md0              0.00      0.00     0.00   0.00    0.00     0.00    0.00      0.00     0.00   0.00    0.00     0.00    0.00      0.00     0.00   0.00    0.00     0.00    0.00    0.00    0.00   0.00
md127            0.00      0.00     0.00   0.00    0.00     0.00 100792.00    393.72     0.00   0.00    0.01     4.00    0.00      0.00     0.00   0.00    0.00     0.00    0.00    0.00    1.09  66.20
nvme0n1          0.00      0.00     0.00   0.00    0.00     0.00 24327.00     95.03     0.00   0.00    0.01     4.00    0.00      0.00     0.00   0.00    0.00     0.00    0.00    0.00    0.25  22.10
nvme1n1          0.00      0.00     0.00   0.00    0.00     0.00 25607.00    100.03     0.00   0.00    0.01     4.00    0.00      0.00     0.00   0.00    0.00     0.00    0.00    0.00    0.27  23.50
nvme2n1          0.00      0.00     0.00   0.00    0.00     0.00 25279.00     98.75     0.00   0.00    0.01     4.00    0.00      0.00     0.00   0.00    0.00     0.00    0.00    0.00    0.26  19.60
nvme3n1          0.00      0.00     0.00   0.00    0.00     0.00 25570.00     99.88     0.00   0.00    0.01     4.00    0.00      0.00     0.00   0.00    0.00     0.00    0.00    0.00    0.27  24.90
sda              0.00      0.00     0.00   0.00    0.00     0.00    1.00      0.03     6.00  85.71    1.00    28.00    0.00      0.00     0.00   0.00    0.00     0.00    0.00    0.00    0.00   0.00
sdb              0.00      0.00     0.00   0.00    0.00     0.00    0.00      0.00     0.00   0.00    0.00     0.00    0.00      0.00     0.00   0.00    0.00     0.00    0.00    0.00    0.00   0.00
zram0            0.00      0.00     0.00   0.00    0.00     0.00    0.00      0.00     0.00   0.00    0.00     0.00    0.00      0.00     0.00   0.00    0.00     0.00    0.00    0.00    0.00   0.00
zram1            0.00      0.00     0.00   0.00    0.00     0.00    0.00      0.00     0.00   0.00    0.00     0.00    0.00      0.00     0.00   0.00    0.00     0.00    0.00    0.00    0.00   0.00
zram2            0.00      0.00     0.00   0.00    0.00     0.00    0.00      0.00     0.00   0.00    0.00     0.00    0.00      0.00     0.00   0.00    0.00     0.00    0.00    0.00    0.00   0.00


avg-cpu:  %user   %nice %system %iowait  %steal   %idle
           0.05    0.00   77.56    0.06    0.00   22.33

Device            r/s     rMB/s   rrqm/s  %rrqm r_await rareq-sz     w/s     wMB/s   wrqm/s  %wrqm w_await wareq-sz     d/s     dMB/s   drqm/s  %drqm d_await dareq-sz     f/s f_await  aqu-sz  %util
dm-0             0.00      0.00     0.00   0.00    0.00     0.00    0.00      0.00     0.00   0.00    0.00     0.00    0.00      0.00     0.00   0.00    0.00     0.00    0.00    0.00    0.00   0.00
dm-1             0.00      0.00     0.00   0.00    0.00     0.00    0.00      0.00     0.00   0.00    0.00     0.00    0.00      0.00     0.00   0.00    0.00     0.00    0.00    0.00    0.00   0.00
dm-2             0.00      0.00     0.00   0.00    0.00     0.00    2.00      0.00     0.00   0.00  206.50     2.00    0.00      0.00     0.00   0.00    0.00     0.00    0.00    0.00    0.41  41.20
md0              0.00      0.00     0.00   0.00    0.00     0.00    0.00      0.00     0.00   0.00    0.00     0.00    0.00      0.00     0.00   0.00    0.00     0.00    0.00    0.00    0.00   0.00
md127            0.00      0.00     0.00   0.00    0.00     0.00 62857.00    245.54     0.00   0.00    0.01     4.00    0.00      0.00     0.00   0.00    0.00     0.00    0.00    0.00    0.71  51.20
nvme0n1          0.00      0.00     0.00   0.00    0.00     0.00 15825.00     61.82     0.00   0.00    0.01     4.00    0.00      0.00     0.00   0.00    0.00     0.00    0.00    0.00    0.17  15.20
nvme1n1          0.00      0.00     0.00   0.00    0.00     0.00 15761.00     61.57     0.00   0.00    0.01     4.00    0.00      0.00     0.00   0.00    0.00     0.00    0.00    0.00    0.17  13.90
nvme2n1          0.00      0.00     0.00   0.00    0.00     0.00 15584.00     60.88     0.00   0.00    0.01     4.00    0.00      0.00     0.00   0.00    0.00     0.00    0.00    0.00    0.17  15.20
nvme3n1          0.00      0.00     0.00   0.00    0.00     0.00 15688.00     61.28     0.00   0.00    0.01     4.00    0.00      0.00     0.00   0.00    0.00     0.00    0.00    0.00    0.17  16.80
sda              0.00      0.00     0.00   0.00    0.00     0.00    2.00      0.00     0.00   0.00  206.50     2.00    0.00      0.00     0.00   0.00    0.00     0.00    3.00  137.33    0.82  41.30
sdb              0.00      0.00     0.00   0.00    0.00     0.00    0.00      0.00     0.00   0.00    0.00     0.00    0.00      0.00     0.00   0.00    0.00     0.00    0.00    0.00    0.00   0.00
zram0            0.00      0.00     0.00   0.00    0.00     0.00    0.00      0.00     0.00   0.00    0.00     0.00    0.00      0.00     0.00   0.00    0.00     0.00    0.00    0.00    0.00   0.00
zram1            0.00      0.00     0.00   0.00    0.00     0.00    0.00      0.00     0.00   0.00    0.00     0.00    0.00      0.00     0.00   0.00    0.00     0.00    0.00    0.00    0.00   0.00
zram2            0.00      0.00     0.00   0.00    0.00     0.00    0.00      0.00     0.00   0.00    0.00     0.00    0.00      0.00     0.00   0.00    0.00     0.00    0.00    0.00    0.00   0.00


avg-cpu:  %user   %nice %system %iowait  %steal   %idle
           0.04    0.00   71.03    0.00    0.00   28.94

Device            r/s     rMB/s   rrqm/s  %rrqm r_await rareq-sz     w/s     wMB/s   wrqm/s  %wrqm w_await wareq-sz     d/s     dMB/s   drqm/s  %drqm d_await dareq-sz     f/s f_await  aqu-sz  %util
dm-0             0.00      0.00     0.00   0.00    0.00     0.00    0.00      0.00     0.00   0.00    0.00     0.00    0.00      0.00     0.00   0.00    0.00     0.00    0.00    0.00    0.00   0.00
dm-1             0.00      0.00     0.00   0.00    0.00     0.00    0.00      0.00     0.00   0.00    0.00     0.00    0.00      0.00     0.00   0.00    0.00     0.00    0.00    0.00    0.00   0.00
dm-2             0.00      0.00     0.00   0.00    0.00     0.00    0.00      0.00     0.00   0.00    0.00     0.00    0.00      0.00     0.00   0.00    0.00     0.00    0.00    0.00    0.00   0.00
md0              0.00      0.00     0.00   0.00    0.00     0.00    0.00      0.00     0.00   0.00    0.00     0.00    0.00      0.00     0.00   0.00    0.00     0.00    0.00    0.00    0.00   0.00
md127            0.00      0.00     0.00   0.00    0.00     0.00 47774.00    186.62     0.00   0.00    0.01     4.00    0.00      0.00     0.00   0.00    0.00     0.00    0.00    0.00    0.56  42.80
nvme0n1          0.00      0.00     0.00   0.00    0.00     0.00 11382.00     44.46     0.00   0.00    0.01     4.00    0.00      0.00     0.00   0.00    0.00     0.00    0.00    0.00    0.12  11.20
nvme1n1          0.00      0.00     0.00   0.00    0.00     0.00 11498.00     44.91     0.00   0.00    0.01     4.00    0.00      0.00     0.00   0.00    0.00     0.00    0.00    0.00    0.13  12.20
nvme2n1          0.00      0.00     0.00   0.00    0.00     0.00 12148.00     47.45     0.00   0.00    0.01     4.00    0.00      0.00     0.00   0.00    0.00     0.00    0.00    0.00    0.13  14.10
nvme3n1          0.00      0.00     0.00   0.00    0.00     0.00 12744.00     49.78     0.00   0.00    0.01     4.00    0.00      0.00     0.00   0.00    0.00     0.00    0.00    0.00    0.14  11.60
sda              0.00      0.00     0.00   0.00    0.00     0.00    0.00      0.00     0.00   0.00    0.00     0.00    0.00      0.00     0.00   0.00    0.00     0.00    0.00    0.00    0.00   0.00
sdb              0.00      0.00     0.00   0.00    0.00     0.00    0.00      0.00     0.00   0.00    0.00     0.00    0.00      0.00     0.00   0.00    0.00     0.00    0.00    0.00    0.00   0.00
zram0            0.00      0.00     0.00   0.00    0.00     0.00    0.00      0.00     0.00   0.00    0.00     0.00    0.00      0.00     0.00   0.00    0.00     0.00    0.00    0.00    0.00   0.00
zram1            0.00      0.00     0.00   0.00    0.00     0.00    0.00      0.00     0.00   0.00    0.00     0.00    0.00      0.00     0.00   0.00    0.00     0.00    0.00    0.00    0.00   0.00
zram2            0.00      0.00     0.00   0.00    0.00     0.00    0.00      0.00     0.00   0.00    0.00     0.00    0.00      0.00     0.00   0.00    0.00     0.00    0.00    0.00    0.00   0.00


avg-cpu:  %user   %nice %system %iowait  %steal   %idle
           0.05    0.00   63.89    0.00    0.00   36.06

Device            r/s     rMB/s   rrqm/s  %rrqm r_await rareq-sz     w/s     wMB/s   wrqm/s  %wrqm w_await wareq-sz     d/s     dMB/s   drqm/s  %drqm d_await dareq-sz     f/s f_await  aqu-sz  %util
dm-0             0.00      0.00     0.00   0.00    0.00     0.00    0.00      0.00     0.00   0.00    0.00     0.00    0.00      0.00     0.00   0.00    0.00     0.00    0.00    0.00    0.00   0.00
dm-1             0.00      0.00     0.00   0.00    0.00     0.00    0.00      0.00     0.00   0.00    0.00     0.00    0.00      0.00     0.00   0.00    0.00     0.00    0.00    0.00    0.00   0.00
dm-2             0.00      0.00     0.00   0.00    0.00     0.00    0.00      0.00     0.00   0.00    0.00     0.00    0.00      0.00     0.00   0.00    0.00     0.00    0.00    0.00    0.00   0.00
md0              0.00      0.00     0.00   0.00    0.00     0.00    0.00      0.00     0.00   0.00    0.00     0.00    0.00      0.00     0.00   0.00    0.00     0.00    0.00    0.00    0.00   0.00
md127            0.00      0.00     0.00   0.00    0.00     0.00 45182.00    176.49     0.00   0.00    0.01     4.00    0.00      0.00     0.00   0.00    0.00     0.00    0.00    0.00    0.54  40.30
nvme0n1          0.00      0.00     0.00   0.00    0.00     0.00 10576.00     41.31     0.00   0.00    0.01     4.00    0.00      0.00     0.00   0.00    0.00     0.00    0.00    0.00    0.12  10.20
nvme1n1          0.00      0.00     0.00   0.00    0.00     0.00 11193.00     43.72     0.00   0.00    0.01     4.00    0.00      0.00     0.00   0.00    0.00     0.00    0.00    0.00    0.12  12.30
nvme2n1          0.00      0.00     0.00   0.00    0.00     0.00 11710.00     45.74     0.00   0.00    0.01     4.00    0.00      0.00     0.00   0.00    0.00     0.00    0.00    0.00    0.13  10.90
nvme3n1          0.00      0.00     0.00   0.00    0.00     0.00 11700.00     45.70     0.00   0.00    0.01     4.00    0.00      0.00     0.00   0.00    0.00     0.00    0.00    0.00    0.13  11.80
sda              0.00      0.00     0.00   0.00    0.00     0.00    0.00      0.00     0.00   0.00    0.00     0.00    0.00      0.00     0.00   0.00    0.00     0.00    0.00    0.00    0.00   0.00
sdb              0.00      0.00     0.00   0.00    0.00     0.00    0.00      0.00     0.00   0.00    0.00     0.00    0.00      0.00     0.00   0.00    0.00     0.00    0.00    0.00    0.00   0.00
zram0            0.00      0.00     0.00   0.00    0.00     0.00    0.00      0.00     0.00   0.00    0.00     0.00    0.00      0.00     0.00   0.00    0.00     0.00    0.00    0.00    0.00   0.00
zram1            0.00      0.00     0.00   0.00    0.00     0.00    0.00      0.00     0.00   0.00    0.00     0.00    0.00      0.00     0.00   0.00    0.00     0.00    0.00    0.00    0.00   0.00
zram2            0.00      0.00     0.00   0.00    0.00     0.00    0.00      0.00     0.00   0.00    0.00     0.00    0.00      0.00     0.00   0.00    0.00     0.00    0.00    0.00    0.00   0.00


avg-cpu:  %user   %nice %system %iowait  %steal   %idle
           0.10    0.00   45.94    0.00    0.00   53.96

Device            r/s     rMB/s   rrqm/s  %rrqm r_await rareq-sz     w/s     wMB/s   wrqm/s  %wrqm w_await wareq-sz     d/s     dMB/s   drqm/s  %drqm d_await dareq-sz     f/s f_await  aqu-sz  %util
dm-0             0.00      0.00     0.00   0.00    0.00     0.00    3.00      0.01     0.00   0.00    0.67     4.00    0.00      0.00     0.00   0.00    0.00     0.00    0.00    0.00    0.00   0.10
dm-1             0.00      0.00     0.00   0.00    0.00     0.00    0.00      0.00     0.00   0.00    0.00     0.00    0.00      0.00     0.00   0.00    0.00     0.00    0.00    0.00    0.00   0.00
dm-2             0.00      0.00     0.00   0.00    0.00     0.00    4.00      0.17     0.00   0.00    1.50    43.00    0.00      0.00     0.00   0.00    0.00     0.00    0.00    0.00    0.01   0.20
md0              0.00      0.00     0.00   0.00    0.00     0.00    0.00      0.00     0.00   0.00    0.00     0.00    0.00      0.00     0.00   0.00    0.00     0.00    0.00    0.00    0.00   0.00
md127            0.00      0.00     0.00   0.00    0.00     0.00 163155.00    637.32     0.00   0.00    0.01     4.00    0.00      0.00     0.00   0.00    0.00     0.00    0.00    0.00    2.34  78.80
nvme0n1          0.00      0.00     0.00   0.00    0.00     0.00 39057.00    153.02   117.00   0.30    0.01     4.01    0.00      0.00     0.00   0.00    0.00     0.00    0.00    0.00    0.42  31.50
nvme1n1          0.00      0.00     0.00   0.00    0.00     0.00 40130.00    157.25   124.00   0.31    0.01     4.01    0.00      0.00     0.00   0.00    0.00     0.00    0.00    0.00    0.43  44.30
nvme2n1          0.00      0.00     0.00   0.00    0.00     0.00 41358.00    162.04   124.00   0.30    0.01     4.01    0.00      0.00     0.00   0.00    0.00     0.00    0.00    0.00    0.43  31.80
nvme3n1          0.00      0.00     0.00   0.00    0.00     0.00 42136.00    165.08   124.00   0.29    0.01     4.01    0.00      0.00     0.00   0.00    0.00     0.00    0.00    0.00    0.45  34.20
sda              0.00      0.00     0.00   0.00    0.00     0.00    6.00      0.18     1.00  14.29    1.17    30.67    0.00      0.00     0.00   0.00    0.00     0.00    0.00    0.00    0.01   0.30
sdb              0.00      0.00     0.00   0.00    0.00     0.00    0.00      0.00     0.00   0.00    0.00     0.00    0.00      0.00     0.00   0.00    0.00     0.00    0.00    0.00    0.00   0.00
zram0            0.00      0.00     0.00   0.00    0.00     0.00    0.00      0.00     0.00   0.00    0.00     0.00    0.00      0.00     0.00   0.00    0.00     0.00    0.00    0.00    0.00   0.00
zram1            0.00      0.00     0.00   0.00    0.00     0.00    0.00      0.00     0.00   0.00    0.00     0.00    0.00      0.00     0.00   0.00    0.00     0.00    0.00    0.00    0.00   0.00
zram2            0.00      0.00     0.00   0.00    0.00     0.00    0.00      0.00     0.00   0.00    0.00     0.00    0.00      0.00     0.00   0.00    0.00     0.00    0.00    0.00    0.00   0.00


avg-cpu:  %user   %nice %system %iowait  %steal   %idle
           0.07    0.00   22.78    0.00    0.00   77.14

Device            r/s     rMB/s   rrqm/s  %rrqm r_await rareq-sz     w/s     wMB/s   wrqm/s  %wrqm w_await wareq-sz     d/s     dMB/s   drqm/s  %drqm d_await dareq-sz     f/s f_await  aqu-sz  %util
dm-0             0.00      0.00     0.00   0.00    0.00     0.00    0.00      0.00     0.00   0.00    0.00     0.00    0.00      0.00     0.00   0.00    0.00     0.00    0.00    0.00    0.00   0.00
dm-1             0.00      0.00     0.00   0.00    0.00     0.00    0.00      0.00     0.00   0.00    0.00     0.00    0.00      0.00     0.00   0.00    0.00     0.00    0.00    0.00    0.00   0.00
dm-2             0.00      0.00     0.00   0.00    0.00     0.00    0.00      0.00     0.00   0.00    0.00     0.00    0.00      0.00     0.00   0.00    0.00     0.00    0.00    0.00    0.00   0.00
md0              0.00      0.00     0.00   0.00    0.00     0.00    0.00      0.00     0.00   0.00    0.00     0.00    0.00      0.00     0.00   0.00    0.00     0.00    0.00    0.00    0.00   0.00
md127            0.00      0.00     0.00   0.00    0.00     0.00 110290.00    430.82     0.00   0.00    0.01     4.00    0.00      0.00     0.00   0.00    0.00     0.00    0.00    0.00    1.23  75.40
nvme0n1          0.00      0.00     0.00   0.00    0.00     0.00 26279.00    102.65     0.00   0.00    0.01     4.00    0.00      0.00     0.00   0.00    0.00     0.00    0.00    0.00    0.28  23.40
nvme1n1          0.00      0.00     0.00   0.00    0.00     0.00 26914.00    105.13     0.00   0.00    0.01     4.00    0.00      0.00     0.00   0.00    0.00     0.00    0.00    0.00    0.28  24.60
nvme2n1          0.00      0.00     0.00   0.00    0.00     0.00 27868.00    108.86     0.00   0.00    0.01     4.00    0.00      0.00     0.00   0.00    0.00     0.00    0.00    0.00    0.29  27.60
nvme3n1          0.00      0.00     0.00   0.00    0.00     0.00 29230.00    114.18     0.00   0.00    0.01     4.00    0.00      0.00     0.00   0.00    0.00     0.00    0.00    0.00    0.32  28.00
sda              0.00      0.00     0.00   0.00    0.00     0.00    0.00      0.00     0.00   0.00    0.00     0.00    0.00      0.00     0.00   0.00    0.00     0.00    0.00    0.00    0.00   0.00
sdb              0.00      0.00     0.00   0.00    0.00     0.00    0.00      0.00     0.00   0.00    0.00     0.00    0.00      0.00     0.00   0.00    0.00     0.00    0.00    0.00    0.00   0.00
zram0            0.00      0.00     0.00   0.00    0.00     0.00    0.00      0.00     0.00   0.00    0.00     0.00    0.00      0.00     0.00   0.00    0.00     0.00    0.00    0.00    0.00   0.00
zram1            0.00      0.00     0.00   0.00    0.00     0.00    0.00      0.00     0.00   0.00    0.00     0.00    0.00      0.00     0.00   0.00    0.00     0.00    0.00    0.00    0.00   0.00
zram2            0.00      0.00     0.00   0.00    0.00     0.00    0.00      0.00     0.00   0.00    0.00     0.00    0.00      0.00     0.00   0.00    0.00     0.00    0.00    0.00    0.00   0.00


avg-cpu:  %user   %nice %system %iowait  %steal   %idle
           0.04    0.00    3.79    0.10    0.00   96.07

Device            r/s     rMB/s   rrqm/s  %rrqm r_await rareq-sz     w/s     wMB/s   wrqm/s  %wrqm w_await wareq-sz     d/s     dMB/s   drqm/s  %drqm d_await dareq-sz     f/s f_await  aqu-sz  %util
dm-0             0.00      0.00     0.00   0.00    0.00     0.00    0.00      0.00     0.00   0.00    0.00     0.00    0.00      0.00     0.00   0.00    0.00     0.00    0.00    0.00    0.00   0.00
dm-1             0.00      0.00     0.00   0.00    0.00     0.00    0.00      0.00     0.00   0.00    0.00     0.00    0.00      0.00     0.00   0.00    0.00     0.00    0.00    0.00    0.00   0.00
dm-2             0.00      0.00     0.00   0.00    0.00     0.00    9.00      0.03     0.00   0.00   37.89     3.56    0.00      0.00     0.00   0.00    0.00     0.00    0.00    0.00    0.34  34.10
md0              0.00      0.00     0.00   0.00    0.00     0.00    0.00      0.00     0.00   0.00    0.00     0.00    0.00      0.00     0.00   0.00    0.00     0.00    0.00    0.00    0.00   0.00
md127            0.00      0.00     0.00   0.00    0.00     0.00 48014.00    187.55     0.00   0.00    0.01     4.00    0.00      0.00     0.00   0.00    0.00     0.00    0.00    0.00    0.50  35.20
nvme0n1          0.00      0.00     0.00   0.00    0.00     0.00 11160.00     43.59     0.00   0.00    0.01     4.00    0.00      0.00     0.00   0.00    0.00     0.00    0.00    0.00    0.12   9.50
nvme1n1          0.00      0.00     0.00   0.00    0.00     0.00 11600.00     45.31     0.00   0.00    0.01     4.00    0.00      0.00     0.00   0.00    0.00     0.00    0.00    0.00    0.12  11.40
nvme2n1          0.00      0.00     0.00   0.00    0.00     0.00 12336.00     48.19     0.00   0.00    0.01     4.00    0.00      0.00     0.00   0.00    0.00     0.00    0.00    0.00    0.13  11.70
nvme3n1          0.00      0.00     0.00   0.00    0.00     0.00 12902.00     50.40     0.00   0.00    0.01     4.00    0.00      0.00     0.00   0.00    0.00     0.00    0.00    0.00    0.14  10.80
sda              0.00      0.00     0.00   0.00    0.00     0.00    3.00      0.03     6.00  66.67  114.00    10.67    0.00      0.00     0.00   0.00    0.00     0.00    3.00  113.67    0.68  34.10
sdb              0.00      0.00     0.00   0.00    0.00     0.00    0.00      0.00     0.00   0.00    0.00     0.00    0.00      0.00     0.00   0.00    0.00     0.00    0.00    0.00    0.00   0.00
zram0            0.00      0.00     0.00   0.00    0.00     0.00    0.00      0.00     0.00   0.00    0.00     0.00    0.00      0.00     0.00   0.00    0.00     0.00    0.00    0.00    0.00   0.00
zram1            0.00      0.00     0.00   0.00    0.00     0.00    0.00      0.00     0.00   0.00    0.00     0.00    0.00      0.00     0.00   0.00    0.00     0.00    0.00    0.00    0.00   0.00
zram2            0.00      0.00     0.00   0.00    0.00     0.00    0.00      0.00     0.00   0.00    0.00     0.00    0.00      0.00     0.00   0.00    0.00     0.00    0.00    0.00    0.00   0.00

