   7       0 loop0 0 0 0 0 0 0 0 0 0 0 0 0 0 0 0 0 0
   7       1 loop1 0 0 0 0 0 0 0 0 0 0 0 0 0 0 0 0 0
   7       2 loop2 0 0 0 0 0 0 0 0 0 0 0 0 0 0 0 0 0
   7       3 loop3 0 0 0 0 0 0 0 0 0 0 0 0 0 0 0 0 0
   7       4 loop4 0 0 0 0 0 0 0 0 0 0 0 0 0 0 0 0 0
   7       5 loop5 0 0 0 0 0 0 0 0 0 0 0 0 0 0 0 0 0
   7       6 loop6 0 0 0 0 0 0 0 0 0 0 0 0 0 0 0 0 0
   7       7 loop7 0 0 0 0 0 0 0 0 0 0 0 0 0 0 0 0 0
   8       0 sda 34716 13410 1856634 579871 8590 11122 505002 306647 0 228034 1040612 0 0 0 0 2008 154093
   8       1 sda1 167 2146 19346 1105 3 0 10 4 0 909 1110 0 0 0 0 0 0
   8       2 sda2 140 35 9938 4063 37 18 376 3571 0 6067 7635 0 0 0 0 0 0
   8       3 sda3 34309 11229 1822774 571564 8550 11104 504616 303071 0 362061 874635 0 0 0 0 0 0
   8      16 sdb 2090 463 25970 65225 1 0 8 30 0 15159 65285 0 0 0 0 1 29
   9       0 md0 2480 0 25194 68138 1 0 8 31 0 15006 68169 0 0 0 0 0 0
 259       0 nvme3n1 2098248 16 16846048 21043 2162767 736 33560880 42692 0 46308 63736 0 0 0 0 0 0
 259       1 nvme2n1 2098273 0 16843480 21525 2162726 739 33560576 30862 0 36083 52388 0 0 0 0 0 0
 259       2 nvme1n1 2098254 2 16843544 21373 2162743 827 33561424 31090 0 36346 52463 0 0 0 0 0 0
 259       3 nvme0n1 2101923 26008 17083802 23370 2163139 5946 33605536 31569 0 36860 54940 0 0 0 0 0 0
   9     127 md127 8422430 0 67613754 105667 8659623 0 134288416 158044 0 166368 263711 0 0 0 0 0 0
 252       0 dm-0 21096 0 1381322 890994 13535 0 434776 319871 0 307837 1210865 0 0 0 0 0 0
 252       1 dm-1 593 0 17250 13792 369 0 2712 13503 0 14296 27295 0 0 0 0 0 0
 252       2 dm-2 23806 0 422394 320683 5643 0 67128 73758 0 95337 394441 0 0 0 0 0 0
 251       0 zram0 189 0 4896 1 1331 0 10648 2 0 3 3 0 0 0 0 0 0
 251       1 zram1 189 0 4896 0 1331 0 10648 7 0 7 7 0 0 0 0 0 0
 251       2 zram2 189 0 4896 0 1331 0 10648 1 0 1 1 0 0 0 0 0 0
