   7       0 loop0 0 0 0 0 0 0 0 0 0 0 0 0 0 0 0 0 0
   7       1 loop1 0 0 0 0 0 0 0 0 0 0 0 0 0 0 0 0 0
   7       2 loop2 0 0 0 0 0 0 0 0 0 0 0 0 0 0 0 0 0
   7       3 loop3 0 0 0 0 0 0 0 0 0 0 0 0 0 0 0 0 0
   7       4 loop4 0 0 0 0 0 0 0 0 0 0 0 0 0 0 0 0 0
   7       5 loop5 0 0 0 0 0 0 0 0 0 0 0 0 0 0 0 0 0
   7       6 loop6 0 0 0 0 0 0 0 0 0 0 0 0 0 0 0 0 0
   7       7 loop7 0 0 0 0 0 0 0 0 0 0 0 0 0 0 0 0 0
   8       0 sda 34716 13410 1856634 579871 9622 11775 545826 346701 0 256076 1110829 0 0 0 0 2358 184256
   8       1 sda1 167 2146 19346 1105 3 0 10 4 0 909 1110 0 0 0 0 0 0
   8       2 sda2 140 35 9938 4063 37 18 376 3571 0 6067 7635 0 0 0 0 0 0
   8       3 sda3 34309 11229 1822774 571564 9582 11757 545440 343124 0 394893 914689 0 0 0 0 0 0
   8      16 sdb 2090 463 25970 65225 1 0 8 30 0 15159 65285 0 0 0 0 1 29
   9       0 md0 2480 0 25194 68138 1 0 8 31 0 15006 68169 0 0 0 0 0 0
 259       0 nvme3n1 6292552 16 50400480 1959298 4398559 130470 84981752 109171 0 147462 2068470 0 0 0 0 0 0
 259       1 nvme2n1 6292577 0 50397912 1265519 4398626 130522 84982240 77213 0 120127 1342732 0 0 0 0 0 0
 259       2 nvme1n1 6292558 2 50397976 1075865 4398280 130572 84982560 77066 0 119975 1152932 0 0 0 0 0 0
 259       3 nvme0n1 6296227 26008 50638234 70770441 4398723 137062 85037904 78704 0 120016 70849146 0 0 0 0 0 0
   9     127 md127 25199646 0 201831482 75107114 18122814 0 339984456 425528 0 345600 75532642 0 0 0 0 0 0
 252       0 dm-0 21096 0 1381322 890994 14168 0 441616 332993 0 317723 1223987 0 0 0 0 0 0
 252       1 dm-1 593 0 17250 13792 380 0 2792 13572 0 14360 27364 0 0 0 0 0 0
 252       2 dm-2 23806 0 422394 320683 6683 0 101032 103492 0 122513 424175 0 0 0 0 0 0
 251       0 zram0 189 0 4896 1 1331 0 10648 2 0 3 3 0 0 0 0 0 0
 251       1 zram1 189 0 4896 0 1331 0 10648 7 0 7 7 0 0 0 0 0 0
 251       2 zram2 189 0 4896 0 1331 0 10648 1 0 1 1 0 0 0 0 0 0
