Linux 6.8.0-85-generic (raven4) 	10/24/2025 	_x86_64_	(256 CPU)

avg-cpu:  %user   %nice %system %iowait  %steal   %idle
           0.00    0.00    0.00    0.01    0.00   99.99

Device            r/s     rMB/s   rrqm/s  %rrqm r_await rareq-sz     w/s     wMB/s   wrqm/s  %wrqm w_await wareq-sz     d/s     dMB/s   drqm/s  %drqm d_await dareq-sz     f/s f_await  aqu-sz  %util
dm-0             0.23      0.01     0.00   0.00   20.29    32.70    0.48      0.01     0.00   0.00   43.68    14.28    0.00      0.00     0.00   0.00    0.00     0.00    0.00    0.00    0.03   2.47
dm-1             0.00      0.00     0.00   0.00   19.33    18.43    0.02      0.00     0.00   0.00   29.26     3.65    0.00      0.00     0.00   0.00    0.00     0.00    0.00    0.00    0.00   0.05
dm-2             0.25      0.00     0.00   0.00   63.88     7.08    0.15      0.00     0.00   0.00   49.18     4.06    0.00      0.00     0.00   0.00    0.00     0.00    0.00    0.00    0.02   0.09
md0              0.03      0.00     0.00   0.00   26.67     5.08    0.00      0.00     0.00   0.00   41.00     4.00    0.00      0.00     0.00   0.00    0.00     0.00    0.00    0.00    0.00   0.02
md1              6.47      0.37     0.00   0.00    0.08    58.98    2.98      0.37     0.00   0.00    0.21   127.16    0.00      0.00     0.00   0.00    0.00     0.00    0.00    0.00    0.00   0.02
nvme0n1          1.53      0.09     0.00   0.00    0.04    61.94    0.74      0.09     0.00   0.38    0.16   127.99    0.00      0.00     0.00   0.00    0.00     0.00    0.00    0.00    0.00   0.01
nvme1n1          1.58      0.09     0.29  15.57    0.06    61.07    0.74      0.09     0.01   1.43    0.16   127.86    0.00      0.00     0.00   0.00    0.00     0.00    0.00    0.00    0.00   0.01
nvme2n1          1.53      0.09     0.00   0.00    0.04    61.94    0.74      0.09     0.00   0.25    0.16   127.99    0.00      0.00     0.00   0.00    0.00     0.00    0.00    0.00    0.00   0.01
nvme3n1          1.53      0.09     0.00   0.01    0.04    61.99    0.74      0.09     0.00   0.41    0.34   127.98    0.00      0.00     0.00   0.00    0.00     0.00    0.00    0.00    0.00   0.02
sda              0.36      0.01     0.15  29.55   21.77    26.70    0.37      0.01     0.30  44.63   52.11    20.65    0.00      0.00     0.00   0.00    0.00     0.00    0.13   80.39    0.04   1.15
sdb              0.02      0.00     0.01  18.14   30.00     6.21    0.00      0.00     0.00   0.00   41.00     4.00    0.00      0.00     0.00   0.00    0.00     0.00    0.00   40.00    0.00   0.02
sdg              0.01      0.00     0.00   2.46    1.05    13.27    0.00      0.00     0.00   0.00    1.00     0.50    0.00      0.00     0.00   0.00    0.00     0.00    0.00    0.00    0.00   0.00


avg-cpu:  %user   %nice %system %iowait  %steal   %idle
          52.36    0.00    0.09    0.01    0.00   47.53

Device            r/s     rMB/s   rrqm/s  %rrqm r_await rareq-sz     w/s     wMB/s   wrqm/s  %wrqm w_await wareq-sz     d/s     dMB/s   drqm/s  %drqm d_await dareq-sz     f/s f_await  aqu-sz  %util
dm-0             0.00      0.00     0.00   0.00    0.00     0.00    0.00      0.00     0.00   0.00    0.00     0.00    0.00      0.00     0.00   0.00    0.00     0.00    0.00    0.00    0.00   0.00
dm-1             0.00      0.00     0.00   0.00    0.00     0.00    0.00      0.00     0.00   0.00    0.00     0.00    0.00      0.00     0.00   0.00    0.00     0.00    0.00    0.00    0.00   0.00
dm-2             0.00      0.00     0.00   0.00    0.00     0.00   13.00      0.05     0.00   0.00    5.54     3.69    0.00      0.00     0.00   0.00    0.00     0.00    0.00    0.00    0.07   3.30
md0              0.00      0.00     0.00   0.00    0.00     0.00    0.00      0.00     0.00   0.00    0.00     0.00    0.00      0.00     0.00   0.00    0.00     0.00    0.00    0.00    0.00   0.00
md1              0.00      0.00     0.00   0.00    0.00     0.00    0.00      0.00     0.00   0.00    0.00     0.00    0.00      0.00     0.00   0.00    0.00     0.00    0.00    0.00    0.00   0.00
nvme0n1          0.00      0.00     0.00   0.00    0.00     0.00    0.00      0.00     0.00   0.00    0.00     0.00    0.00      0.00     0.00   0.00    0.00     0.00    0.00    0.00    0.00   0.00
nvme1n1          0.00      0.00     0.00   0.00    0.00     0.00    0.00      0.00     0.00   0.00    0.00     0.00    0.00      0.00     0.00   0.00    0.00     0.00    0.00    0.00    0.00   0.00
nvme2n1          0.00      0.00     0.00   0.00    0.00     0.00    0.00      0.00     0.00   0.00    0.00     0.00    0.00      0.00     0.00   0.00    0.00     0.00    0.00    0.00    0.00   0.00
nvme3n1          0.00      0.00     0.00   0.00    0.00     0.00    0.00      0.00     0.00   0.00    0.00     0.00    0.00      0.00     0.00   0.00    0.00     0.00    0.00    0.00    0.00   0.00
sda              0.00      0.00     0.00   0.00    0.00     0.00   11.00      0.05     2.00  15.38    6.45     4.36    0.00      0.00     0.00   0.00    0.00     0.00    3.00   18.33    0.13   5.80
sdb              0.00      0.00     0.00   0.00    0.00     0.00    0.00      0.00     0.00   0.00    0.00     0.00    0.00      0.00     0.00   0.00    0.00     0.00    0.00    0.00    0.00   0.00
sdg              0.00      0.00     0.00   0.00    0.00     0.00    0.00      0.00     0.00   0.00    0.00     0.00    0.00      0.00     0.00   0.00    0.00     0.00    0.00    0.00    0.00   0.00


avg-cpu:  %user   %nice %system %iowait  %steal   %idle
           0.13    0.00    0.29    0.00    0.00   99.58

Device            r/s     rMB/s   rrqm/s  %rrqm r_await rareq-sz     w/s     wMB/s   wrqm/s  %wrqm w_await wareq-sz     d/s     dMB/s   drqm/s  %drqm d_await dareq-sz     f/s f_await  aqu-sz  %util
dm-0             0.00      0.00     0.00   0.00    0.00     0.00    0.00      0.00     0.00   0.00    0.00     0.00    0.00      0.00     0.00   0.00    0.00     0.00    0.00    0.00    0.00   0.00
dm-1             0.00      0.00     0.00   0.00    0.00     0.00    0.00      0.00     0.00   0.00    0.00     0.00    0.00      0.00     0.00   0.00    0.00     0.00    0.00    0.00    0.00   0.00
dm-2             0.00      0.00     0.00   0.00    0.00     0.00    0.00      0.00     0.00   0.00    0.00     0.00    0.00      0.00     0.00   0.00    0.00     0.00    0.00    0.00    0.00   0.00
md0              0.00      0.00     0.00   0.00    0.00     0.00    0.00      0.00     0.00   0.00    0.00     0.00    0.00      0.00     0.00   0.00    0.00     0.00    0.00    0.00    0.00   0.00
md1              0.00      0.00     0.00   0.00    0.00     0.00 38206.00   2387.88     0.00   0.00    0.03    64.00    0.00      0.00     0.00   0.00    0.00     0.00    0.00    0.00    1.13  81.90
nvme0n1          0.00      0.00     0.00   0.00    0.00     0.00 9548.00    596.75     0.00   0.00    0.03    64.00    0.00      0.00     0.00   0.00    0.00     0.00    0.00    0.00    0.28  22.80
nvme1n1          0.00      0.00     0.00   0.00    0.00     0.00 9552.00    597.00     0.00   0.00    0.03    64.00    0.00      0.00     0.00   0.00    0.00     0.00    0.00    0.00    0.28  19.60
nvme2n1          0.00      0.00     0.00   0.00    0.00     0.00 9546.00    596.62     0.00   0.00    0.03    64.00    0.00      0.00     0.00   0.00    0.00     0.00    0.00    0.00    0.28  19.50
nvme3n1          0.00      0.00     0.00   0.00    0.00     0.00 9544.00    596.50     0.00   0.00    0.03    64.00    0.00      0.00     0.00   0.00    0.00     0.00    0.00    0.00    0.28  22.20
sda              0.00      0.00     0.00   0.00    0.00     0.00    0.00      0.00     0.00   0.00    0.00     0.00    0.00      0.00     0.00   0.00    0.00     0.00    0.00    0.00    0.00   0.00
sdb              0.00      0.00     0.00   0.00    0.00     0.00    0.00      0.00     0.00   0.00    0.00     0.00    0.00      0.00     0.00   0.00    0.00     0.00    0.00    0.00    0.00   0.00
sdg              0.00      0.00     0.00   0.00    0.00     0.00    0.00      0.00     0.00   0.00    0.00     0.00    0.00      0.00     0.00   0.00    0.00     0.00    0.00    0.00    0.00   0.00


avg-cpu:  %user   %nice %system %iowait  %steal   %idle
           0.13    0.00    0.32    0.00    0.00   99.55

Device            r/s     rMB/s   rrqm/s  %rrqm r_await rareq-sz     w/s     wMB/s   wrqm/s  %wrqm w_await wareq-sz     d/s     dMB/s   drqm/s  %drqm d_await dareq-sz     f/s f_await  aqu-sz  %util
dm-0             0.00      0.00     0.00   0.00    0.00     0.00    0.00      0.00     0.00   0.00    0.00     0.00    0.00      0.00     0.00   0.00    0.00     0.00    0.00    0.00    0.00   0.00
dm-1             0.00      0.00     0.00   0.00    0.00     0.00    0.00      0.00     0.00   0.00    0.00     0.00    0.00      0.00     0.00   0.00    0.00     0.00    0.00    0.00    0.00   0.00
dm-2             0.00      0.00     0.00   0.00    0.00     0.00    0.00      0.00     0.00   0.00    0.00     0.00    0.00      0.00     0.00   0.00    0.00     0.00    0.00    0.00    0.00   0.00
md0              0.00      0.00     0.00   0.00    0.00     0.00    0.00      0.00     0.00   0.00    0.00     0.00    0.00      0.00     0.00   0.00    0.00     0.00    0.00    0.00    0.00   0.00
md1              0.00      0.00     0.00   0.00    0.00     0.00 40832.00   2552.00     0.00   0.00    0.03    64.00    0.00      0.00     0.00   0.00    0.00     0.00    0.00    0.00    1.17  86.30
nvme0n1          0.00      0.00     0.00   0.00    0.00     0.00 10204.00    637.75     0.00   0.00    0.03    64.00    0.00      0.00     0.00   0.00    0.00     0.00    0.00    0.00    0.29  22.10
nvme1n1          0.00      0.00     0.00   0.00    0.00     0.00 10208.00    638.00     0.00   0.00    0.03    64.00    0.00      0.00     0.00   0.00    0.00     0.00    0.00    0.00    0.29  21.30
nvme2n1          0.00      0.00     0.00   0.00    0.00     0.00 10206.00    637.94     0.00   0.00    0.03    64.01    0.00      0.00     0.00   0.00    0.00     0.00    0.00    0.00    0.29  22.00
nvme3n1          0.00      0.00     0.00   0.00    0.00     0.00 10208.00    638.00     0.00   0.00    0.03    64.00    0.00      0.00     0.00   0.00    0.00     0.00    0.00    0.00    0.30  23.30
sda              0.00      0.00     0.00   0.00    0.00     0.00    0.00      0.00     0.00   0.00    0.00     0.00    0.00      0.00     0.00   0.00    0.00     0.00    0.00    0.00    0.00   0.00
sdb              0.00      0.00     0.00   0.00    0.00     0.00    0.00      0.00     0.00   0.00    0.00     0.00    0.00      0.00     0.00   0.00    0.00     0.00    0.00    0.00    0.00   0.00
sdg              0.00      0.00     0.00   0.00    0.00     0.00    0.00      0.00     0.00   0.00    0.00     0.00    0.00      0.00     0.00   0.00    0.00     0.00    0.00    0.00    0.00   0.00


avg-cpu:  %user   %nice %system %iowait  %steal   %idle
           0.13    0.00    0.31    0.00    0.00   99.55

Device            r/s     rMB/s   rrqm/s  %rrqm r_await rareq-sz     w/s     wMB/s   wrqm/s  %wrqm w_await wareq-sz     d/s     dMB/s   drqm/s  %drqm d_await dareq-sz     f/s f_await  aqu-sz  %util
dm-0             0.00      0.00     0.00   0.00    0.00     0.00    0.00      0.00     0.00   0.00    0.00     0.00    0.00      0.00     0.00   0.00    0.00     0.00    0.00    0.00    0.00   0.00
dm-1             0.00      0.00     0.00   0.00    0.00     0.00    0.00      0.00     0.00   0.00    0.00     0.00    0.00      0.00     0.00   0.00    0.00     0.00    0.00    0.00    0.00   0.00
dm-2             0.00      0.00     0.00   0.00    0.00     0.00    0.00      0.00     0.00   0.00    0.00     0.00    0.00      0.00     0.00   0.00    0.00     0.00    0.00    0.00    0.00   0.00
md0              0.00      0.00     0.00   0.00    0.00     0.00    0.00      0.00     0.00   0.00    0.00     0.00    0.00      0.00     0.00   0.00    0.00     0.00    0.00    0.00    0.00   0.00
md1              0.00      0.00     0.00   0.00    0.00     0.00 41262.00   2578.88     0.00   0.00    0.03    64.00    0.00      0.00     0.00   0.00    0.00     0.00    0.00    0.00    1.16  84.00
nvme0n1          0.00      0.00     0.00   0.00    0.00     0.00 10320.00    645.00     0.00   0.00    0.03    64.00    0.00      0.00     0.00   0.00    0.00     0.00    0.00    0.00    0.29  21.10
nvme1n1          0.00      0.00     0.00   0.00    0.00     0.00 10320.00    645.00     0.00   0.00    0.03    64.00    0.00      0.00     0.00   0.00    0.00     0.00    0.00    0.00    0.29  21.40
nvme2n1          0.00      0.00     0.00   0.00    0.00     0.00 10320.00    644.94     0.00   0.00    0.03    63.99    0.00      0.00     0.00   0.00    0.00     0.00    0.00    0.00    0.29  20.60
nvme3n1          0.00      0.00     0.00   0.00    0.00     0.00 10314.00    644.62     0.00   0.00    0.03    64.00    0.00      0.00     0.00   0.00    0.00     0.00    0.00    0.00    0.29  21.60
sda              0.00      0.00     0.00   0.00    0.00     0.00    0.00      0.00     0.00   0.00    0.00     0.00    0.00      0.00     0.00   0.00    0.00     0.00    0.00    0.00    0.00   0.00
sdb              0.00      0.00     0.00   0.00    0.00     0.00    0.00      0.00     0.00   0.00    0.00     0.00    0.00      0.00     0.00   0.00    0.00     0.00    0.00    0.00    0.00   0.00
sdg              0.00      0.00     0.00   0.00    0.00     0.00    0.00      0.00     0.00   0.00    0.00     0.00    0.00      0.00     0.00   0.00    0.00     0.00    0.00    0.00    0.00   0.00


avg-cpu:  %user   %nice %system %iowait  %steal   %idle
           0.14    0.00    0.31    0.00    0.00   99.55

Device            r/s     rMB/s   rrqm/s  %rrqm r_await rareq-sz     w/s     wMB/s   wrqm/s  %wrqm w_await wareq-sz     d/s     dMB/s   drqm/s  %drqm d_await dareq-sz     f/s f_await  aqu-sz  %util
dm-0             0.00      0.00     0.00   0.00    0.00     0.00    1.00      0.00     0.00   0.00    0.00     4.00    0.00      0.00     0.00   0.00    0.00     0.00    0.00    0.00    0.00   0.00
dm-1             0.00      0.00     0.00   0.00    0.00     0.00    0.00      0.00     0.00   0.00    0.00     0.00    0.00      0.00     0.00   0.00    0.00     0.00    0.00    0.00    0.00   0.00
dm-2             0.00      0.00     0.00   0.00    0.00     0.00   36.00      0.95     0.00   0.00    1.03    27.00    0.00      0.00     0.00   0.00    0.00     0.00    0.00    0.00    0.04   0.60
md0              0.00      0.00     0.00   0.00    0.00     0.00    0.00      0.00     0.00   0.00    0.00     0.00    0.00      0.00     0.00   0.00    0.00     0.00    0.00    0.00    0.00   0.00
md1              0.00      0.00     0.00   0.00    0.00     0.00 41276.00   2559.36     0.00   0.00    0.03    63.49    0.00      0.00     0.00   0.00    0.00     0.00    0.00    0.00    1.25  84.30
nvme0n1          0.00      0.00     0.00   0.00    0.00     0.00 10226.00    639.04     8.00   0.08    0.03    63.99    0.00      0.00     0.00   0.00    0.00     0.00    0.00    0.00    0.29  24.00
nvme1n1          0.00      0.00     0.00   0.00    0.00     0.00 10232.00    639.81   124.00   1.20    0.03    64.03    0.00      0.00     0.00   0.00    0.00     0.00    0.00    0.00    0.30  22.20
nvme2n1          0.00      0.00     0.00   0.00    0.00     0.00 10227.00    639.32    79.00   0.77    0.03    64.01    0.00      0.00     0.00   0.00    0.00     0.00    0.00    0.00    0.30  22.10
nvme3n1          0.00      0.00     0.00   0.00    0.00     0.00 10234.00    639.88   124.00   1.20    0.03    64.03    0.00      0.00     0.00   0.00    0.00     0.00    0.00    0.00    0.29  22.20
sda              0.00      0.00     0.00   0.00    0.00     0.00    4.00      0.95    33.00  89.19    1.50   244.00    0.00      0.00     0.00   0.00    0.00     0.00    0.00    0.00    0.01   0.30
sdb              0.00      0.00     0.00   0.00    0.00     0.00    0.00      0.00     0.00   0.00    0.00     0.00    0.00      0.00     0.00   0.00    0.00     0.00    0.00    0.00    0.00   0.00
sdg              0.00      0.00     0.00   0.00    0.00     0.00    0.00      0.00     0.00   0.00    0.00     0.00    0.00      0.00     0.00   0.00    0.00     0.00    0.00    0.00    0.00   0.00


avg-cpu:  %user   %nice %system %iowait  %steal   %idle
           0.14    0.00    0.30    0.02    0.00   99.53

Device            r/s     rMB/s   rrqm/s  %rrqm r_await rareq-sz     w/s     wMB/s   wrqm/s  %wrqm w_await wareq-sz     d/s     dMB/s   drqm/s  %drqm d_await dareq-sz     f/s f_await  aqu-sz  %util
dm-0             0.00      0.00     0.00   0.00    0.00     0.00    0.00      0.00     0.00   0.00    0.00     0.00    0.00      0.00     0.00   0.00    0.00     0.00    0.00    0.00    0.00   0.00
dm-1             0.00      0.00     0.00   0.00    0.00     0.00    0.00      0.00     0.00   0.00    0.00     0.00    0.00      0.00     0.00   0.00    0.00     0.00    0.00    0.00    0.00   0.00
dm-2             0.00      0.00     0.00   0.00    0.00     0.00    2.00      0.00     0.00   0.00   26.50     2.00    0.00      0.00     0.00   0.00    0.00     0.00    0.00    0.00    0.05   5.00
md0              0.00      0.00     0.00   0.00    0.00     0.00    0.00      0.00     0.00   0.00    0.00     0.00    0.00      0.00     0.00   0.00    0.00     0.00    0.00    0.00    0.00   0.00
md1              0.00      0.00     0.00   0.00    0.00     0.00 40505.00   2531.56     0.00   0.00    0.03    64.00    0.00      0.00     0.00   0.00    0.00     0.00    0.00    0.00    1.17  85.30
nvme0n1          0.00      0.00     0.00   0.00    0.00     0.00 10128.00    633.00     0.00   0.00    0.03    64.00    0.00      0.00     0.00   0.00    0.00     0.00    0.00    0.00    0.29  23.60
nvme1n1          0.00      0.00     0.00   0.00    0.00     0.00 10124.00    632.69     0.00   0.00    0.03    63.99    0.00      0.00     0.00   0.00    0.00     0.00    0.00    0.00    0.29  22.10
nvme2n1          0.00      0.00     0.00   0.00    0.00     0.00 10128.00    633.00     0.00   0.00    0.03    64.00    0.00      0.00     0.00   0.00    0.00     0.00    0.00    0.00    0.29  21.60
nvme3n1          0.00      0.00     0.00   0.00    0.00     0.00 10128.00    633.00     0.00   0.00    0.03    64.00    0.00      0.00     0.00   0.00    0.00     0.00    0.00    0.00    0.29  22.80
sda              0.00      0.00     0.00   0.00    0.00     0.00    2.00      0.00     0.00   0.00   26.50     2.00    0.00      0.00     0.00   0.00    0.00     0.00    3.00   17.67    0.11   5.30
sdb              0.00      0.00     0.00   0.00    0.00     0.00    0.00      0.00     0.00   0.00    0.00     0.00    0.00      0.00     0.00   0.00    0.00     0.00    0.00    0.00    0.00   0.00
sdg              0.00      0.00     0.00   0.00    0.00     0.00    0.00      0.00     0.00   0.00    0.00     0.00    0.00      0.00     0.00   0.00    0.00     0.00    0.00    0.00    0.00   0.00


avg-cpu:  %user   %nice %system %iowait  %steal   %idle
           0.13    0.00    0.32    0.00    0.00   99.55

Device            r/s     rMB/s   rrqm/s  %rrqm r_await rareq-sz     w/s     wMB/s   wrqm/s  %wrqm w_await wareq-sz     d/s     dMB/s   drqm/s  %drqm d_await dareq-sz     f/s f_await  aqu-sz  %util
dm-0             0.00      0.00     0.00   0.00    0.00     0.00    0.00      0.00     0.00   0.00    0.00     0.00    0.00      0.00     0.00   0.00    0.00     0.00    0.00    0.00    0.00   0.00
dm-1             0.00      0.00     0.00   0.00    0.00     0.00    0.00      0.00     0.00   0.00    0.00     0.00    0.00      0.00     0.00   0.00    0.00     0.00    0.00    0.00    0.00   0.00
dm-2             0.00      0.00     0.00   0.00    0.00     0.00    0.00      0.00     0.00   0.00    0.00     0.00    0.00      0.00     0.00   0.00    0.00     0.00    0.00    0.00    0.00   0.00
md0              0.00      0.00     0.00   0.00    0.00     0.00    0.00      0.00     0.00   0.00    0.00     0.00    0.00      0.00     0.00   0.00    0.00     0.00    0.00    0.00    0.00   0.00
md1              0.00      0.00     0.00   0.00    0.00     0.00 40952.00   2559.50     0.00   0.00    0.03    64.00    0.00      0.00     0.00   0.00    0.00     0.00    0.00    0.00    1.16  83.70
nvme0n1          0.00      0.00     0.00   0.00    0.00     0.00 10238.00    639.88     0.00   0.00    0.03    64.00    0.00      0.00     0.00   0.00    0.00     0.00    0.00    0.00    0.29  23.10
nvme1n1          0.00      0.00     0.00   0.00    0.00     0.00 10240.00    640.00     0.00   0.00    0.03    64.00    0.00      0.00     0.00   0.00    0.00     0.00    0.00    0.00    0.29  21.10
nvme2n1          0.00      0.00     0.00   0.00    0.00     0.00 10240.00    640.00     0.00   0.00    0.03    64.00    0.00      0.00     0.00   0.00    0.00     0.00    0.00    0.00    0.29  21.10
nvme3n1          0.00      0.00     0.00   0.00    0.00     0.00 10232.00    639.50     0.00   0.00    0.03    64.00    0.00      0.00     0.00   0.00    0.00     0.00    0.00    0.00    0.29  22.30
sda              0.00      0.00     0.00   0.00    0.00     0.00    0.00      0.00     0.00   0.00    0.00     0.00    0.00      0.00     0.00   0.00    0.00     0.00    0.00    0.00    0.00   0.00
sdb              0.00      0.00     0.00   0.00    0.00     0.00    0.00      0.00     0.00   0.00    0.00     0.00    0.00      0.00     0.00   0.00    0.00     0.00    0.00    0.00    0.00   0.00
sdg              0.00      0.00     0.00   0.00    0.00     0.00    0.00      0.00     0.00   0.00    0.00     0.00    0.00      0.00     0.00   0.00    0.00     0.00    0.00    0.00    0.00   0.00


avg-cpu:  %user   %nice %system %iowait  %steal   %idle
           0.13    0.00    0.32    0.00    0.00   99.55

Device            r/s     rMB/s   rrqm/s  %rrqm r_await rareq-sz     w/s     wMB/s   wrqm/s  %wrqm w_await wareq-sz     d/s     dMB/s   drqm/s  %drqm d_await dareq-sz     f/s f_await  aqu-sz  %util
dm-0             0.00      0.00     0.00   0.00    0.00     0.00    0.00      0.00     0.00   0.00    0.00     0.00    0.00      0.00     0.00   0.00    0.00     0.00    0.00    0.00    0.00   0.00
dm-1             0.00      0.00     0.00   0.00    0.00     0.00    0.00      0.00     0.00   0.00    0.00     0.00    0.00      0.00     0.00   0.00    0.00     0.00    0.00    0.00    0.00   0.00
dm-2             0.00      0.00     0.00   0.00    0.00     0.00    0.00      0.00     0.00   0.00    0.00     0.00    0.00      0.00     0.00   0.00    0.00     0.00    0.00    0.00    0.00   0.00
md0              0.00      0.00     0.00   0.00    0.00     0.00    0.00      0.00     0.00   0.00    0.00     0.00    0.00      0.00     0.00   0.00    0.00     0.00    0.00    0.00    0.00   0.00
md1              0.00      0.00     0.00   0.00    0.00     0.00 40881.00   2555.06     0.00   0.00    0.03    64.00    0.00      0.00     0.00   0.00    0.00     0.00    0.00    0.00    1.17  83.50
nvme0n1          0.00      0.00     0.00   0.00    0.00     0.00 10218.00    638.62     0.00   0.00    0.03    64.00    0.00      0.00     0.00   0.00    0.00     0.00    0.00    0.00    0.29  21.40
nvme1n1          0.00      0.00     0.00   0.00    0.00     0.00 10222.00    638.94     0.00   0.00    0.03    64.01    0.00      0.00     0.00   0.00    0.00     0.00    0.00    0.00    0.29  22.00
nvme2n1          0.00      0.00     0.00   0.00    0.00     0.00 10219.00    638.69     0.00   0.00    0.03    64.00    0.00      0.00     0.00   0.00    0.00     0.00    0.00    0.00    0.29  19.90
nvme3n1          0.00      0.00     0.00   0.00    0.00     0.00 10224.00    639.00     0.00   0.00    0.03    64.00    0.00      0.00     0.00   0.00    0.00     0.00    0.00    0.00    0.29  22.50
sda              0.00      0.00     0.00   0.00    0.00     0.00    0.00      0.00     0.00   0.00    0.00     0.00    0.00      0.00     0.00   0.00    0.00     0.00    0.00    0.00    0.00   0.00
sdb              0.00      0.00     0.00   0.00    0.00     0.00    0.00      0.00     0.00   0.00    0.00     0.00    0.00      0.00     0.00   0.00    0.00     0.00    0.00    0.00    0.00   0.00
sdg              0.00      0.00     0.00   0.00    0.00     0.00    0.00      0.00     0.00   0.00    0.00     0.00    0.00      0.00     0.00   0.00    0.00     0.00    0.00    0.00    0.00   0.00


avg-cpu:  %user   %nice %system %iowait  %steal   %idle
           0.14    0.00    0.30    0.00    0.00   99.56

Device            r/s     rMB/s   rrqm/s  %rrqm r_await rareq-sz     w/s     wMB/s   wrqm/s  %wrqm w_await wareq-sz     d/s     dMB/s   drqm/s  %drqm d_await dareq-sz     f/s f_await  aqu-sz  %util
dm-0             0.00      0.00     0.00   0.00    0.00     0.00    0.00      0.00     0.00   0.00    0.00     0.00    0.00      0.00     0.00   0.00    0.00     0.00    0.00    0.00    0.00   0.00
dm-1             0.00      0.00     0.00   0.00    0.00     0.00    0.00      0.00     0.00   0.00    0.00     0.00    0.00      0.00     0.00   0.00    0.00     0.00    0.00    0.00    0.00   0.00
dm-2             0.00      0.00     0.00   0.00    0.00     0.00    0.00      0.00     0.00   0.00    0.00     0.00    0.00      0.00     0.00   0.00    0.00     0.00    0.00    0.00    0.00   0.00
md0              0.00      0.00     0.00   0.00    0.00     0.00    0.00      0.00     0.00   0.00    0.00     0.00    0.00      0.00     0.00   0.00    0.00     0.00    0.00    0.00    0.00   0.00
md1              0.00      0.00     0.00   0.00    0.00     0.00 40870.00   2554.38     0.00   0.00    0.03    64.00    0.00      0.00     0.00   0.00    0.00     0.00    0.00    0.00    1.21  87.40
nvme0n1          0.00      0.00     0.00   0.00    0.00     0.00 10218.00    638.62     0.00   0.00    0.03    64.00    0.00      0.00     0.00   0.00    0.00     0.00    0.00    0.00    0.29  23.20
nvme1n1          0.00      0.00     0.00   0.00    0.00     0.00 10218.00    638.56     0.00   0.00    0.03    63.99    0.00      0.00     0.00   0.00    0.00     0.00    0.00    0.00    0.30  21.50
nvme2n1          0.00      0.00     0.00   0.00    0.00     0.00 10221.00    638.81     0.00   0.00    0.03    64.00    0.00      0.00     0.00   0.00    0.00     0.00    0.00    0.00    0.30  21.60
nvme3n1          0.00      0.00     0.00   0.00    0.00     0.00 10216.00    638.50     0.00   0.00    0.03    64.00    0.00      0.00     0.00   0.00    0.00     0.00    0.00    0.00    0.29  24.40
sda              0.00      0.00     0.00   0.00    0.00     0.00    0.00      0.00     0.00   0.00    0.00     0.00    0.00      0.00     0.00   0.00    0.00     0.00    0.00    0.00    0.00   0.00
sdb              0.00      0.00     0.00   0.00    0.00     0.00    0.00      0.00     0.00   0.00    0.00     0.00    0.00      0.00     0.00   0.00    0.00     0.00    0.00    0.00    0.00   0.00
sdg              0.00      0.00     0.00   0.00    0.00     0.00    0.00      0.00     0.00   0.00    0.00     0.00    0.00      0.00     0.00   0.00    0.00     0.00    0.00    0.00    0.00   0.00


avg-cpu:  %user   %nice %system %iowait  %steal   %idle
           0.21    0.00    0.45    0.00    0.00   99.33

Device            r/s     rMB/s   rrqm/s  %rrqm r_await rareq-sz     w/s     wMB/s   wrqm/s  %wrqm w_await wareq-sz     d/s     dMB/s   drqm/s  %drqm d_await dareq-sz     f/s f_await  aqu-sz  %util
dm-0             0.00      0.00     0.00   0.00    0.00     0.00    0.00      0.00     0.00   0.00    0.00     0.00    0.00      0.00     0.00   0.00    0.00     0.00    0.00    0.00    0.00   0.00
dm-1             0.00      0.00     0.00   0.00    0.00     0.00    0.00      0.00     0.00   0.00    0.00     0.00    0.00      0.00     0.00   0.00    0.00     0.00    0.00    0.00    0.00   0.00
dm-2             0.00      0.00     0.00   0.00    0.00     0.00    0.00      0.00     0.00   0.00    0.00     0.00    0.00      0.00     0.00   0.00    0.00     0.00    0.00    0.00    0.00   0.00
md0              0.00      0.00     0.00   0.00    0.00     0.00    0.00      0.00     0.00   0.00    0.00     0.00    0.00      0.00     0.00   0.00    0.00     0.00    0.00    0.00    0.00   0.00
md1              0.00      0.00     0.00   0.00    0.00     0.00 40634.00   2539.33     0.00   0.00    0.03    63.99    0.00      0.00     0.00   0.00    0.00     0.00    0.00    0.00    1.18  84.50
nvme0n1          0.00      0.00     0.00   0.00    0.00     0.00 10160.00    634.89     3.00   0.03    0.03    63.99    0.00      0.00     0.00   0.00    0.00     0.00    0.00    0.00    0.29  23.40
nvme1n1          0.00      0.00     0.00   0.00    0.00     0.00 10153.00    634.56     0.00   0.00    0.03    64.00    0.00      0.00     0.00   0.00    0.00     0.00    0.00    0.00    0.29  21.10
nvme2n1          0.00      0.00     0.00   0.00    0.00     0.00 10152.00    634.50     0.00   0.00    0.03    64.00    0.00      0.00     0.00   0.00    0.00     0.00    0.00    0.00    0.29  19.90
nvme3n1          0.00      0.00     0.00   0.00    0.00     0.00 10160.00    635.00     0.00   0.00    0.03    64.00    0.00      0.00     0.00   0.00    0.00     0.00    0.00    0.00    0.29  22.80
sda              0.00      0.00     0.00   0.00    0.00     0.00    0.00      0.00     0.00   0.00    0.00     0.00    0.00      0.00     0.00   0.00    0.00     0.00    0.00    0.00    0.00   0.00
sdb              0.00      0.00     0.00   0.00    0.00     0.00    0.00      0.00     0.00   0.00    0.00     0.00    0.00      0.00     0.00   0.00    0.00     0.00    0.00    0.00    0.00   0.00
sdg              0.00      0.00     0.00   0.00    0.00     0.00    0.00      0.00     0.00   0.00    0.00     0.00    0.00      0.00     0.00   0.00    0.00     0.00    0.00    0.00    0.00   0.00


avg-cpu:  %user   %nice %system %iowait  %steal   %idle
           0.13    0.00    0.31    0.02    0.00   99.54

Device            r/s     rMB/s   rrqm/s  %rrqm r_await rareq-sz     w/s     wMB/s   wrqm/s  %wrqm w_await wareq-sz     d/s     dMB/s   drqm/s  %drqm d_await dareq-sz     f/s f_await  aqu-sz  %util
dm-0             0.00      0.00     0.00   0.00    0.00     0.00    0.00      0.00     0.00   0.00    0.00     0.00    0.00      0.00     0.00   0.00    0.00     0.00    0.00    0.00    0.00   0.00
dm-1             0.00      0.00     0.00   0.00    0.00     0.00    0.00      0.00     0.00   0.00    0.00     0.00    0.00      0.00     0.00   0.00    0.00     0.00    0.00    0.00    0.00   0.00
dm-2             0.00      0.00     0.00   0.00    0.00     0.00   23.00      0.09     0.00   0.00    3.17     3.83    0.00      0.00     0.00   0.00    0.00     0.00    0.00    0.00    0.07   4.50
md0              0.00      0.00     0.00   0.00    0.00     0.00    0.00      0.00     0.00   0.00    0.00     0.00    0.00      0.00     0.00   0.00    0.00     0.00    0.00    0.00    0.00   0.00
md1              0.00      0.00     0.00   0.00    0.00     0.00 41702.00   2586.28     0.00   0.00    0.03    63.51    0.00      0.00     0.00   0.00    0.00     0.00    0.00    0.00    1.39  84.20
nvme0n1          0.00      0.00     0.00   0.00    0.00     0.00 10338.00    646.12     0.00   0.00    0.03    64.00    0.00      0.00     0.00   0.00    0.00     0.00    0.00    0.00    0.29  23.10
nvme1n1          0.00      0.00     0.00   0.00    0.00     0.00 10368.00    647.48   243.00   2.29    0.03    63.95    0.00      0.00     0.00   0.00    0.00     0.00    0.00    0.00    0.31  19.90
nvme2n1          0.00      0.00     0.00   0.00    0.00     0.00 10344.00    646.50     0.00   0.00    0.03    64.00    0.00      0.00     0.00   0.00    0.00     0.00    0.00    0.00    0.29  20.60
nvme3n1          0.00      0.00     0.00   0.00    0.00     0.00 10340.00    646.29    71.00   0.68    0.03    64.00    0.00      0.00     0.00   0.00    0.00     0.00    0.00    0.00    0.29  22.50
sda              0.00      0.00     0.00   0.00    0.00     0.00   11.00      0.09    12.00  52.17    5.18     8.00    0.00      0.00     0.00   0.00    0.00     0.00    3.00   14.00    0.10   4.50
sdb              0.00      0.00     0.00   0.00    0.00     0.00    0.00      0.00     0.00   0.00    0.00     0.00    0.00      0.00     0.00   0.00    0.00     0.00    0.00    0.00    0.00   0.00
sdg              0.00      0.00     0.00   0.00    0.00     0.00    0.00      0.00     0.00   0.00    0.00     0.00    0.00      0.00     0.00   0.00    0.00     0.00    0.00    0.00    0.00   0.00


avg-cpu:  %user   %nice %system %iowait  %steal   %idle
           0.13    0.00    0.32    0.00    0.00   99.55

Device            r/s     rMB/s   rrqm/s  %rrqm r_await rareq-sz     w/s     wMB/s   wrqm/s  %wrqm w_await wareq-sz     d/s     dMB/s   drqm/s  %drqm d_await dareq-sz     f/s f_await  aqu-sz  %util
dm-0             0.00      0.00     0.00   0.00    0.00     0.00    0.00      0.00     0.00   0.00    0.00     0.00    0.00      0.00     0.00   0.00    0.00     0.00    0.00    0.00    0.00   0.00
dm-1             0.00      0.00     0.00   0.00    0.00     0.00    0.00      0.00     0.00   0.00    0.00     0.00    0.00      0.00     0.00   0.00    0.00     0.00    0.00    0.00    0.00   0.00
dm-2             0.00      0.00     0.00   0.00    0.00     0.00    0.00      0.00     0.00   0.00    0.00     0.00    0.00      0.00     0.00   0.00    0.00     0.00    0.00    0.00    0.00   0.00
md0              0.00      0.00     0.00   0.00    0.00     0.00    0.00      0.00     0.00   0.00    0.00     0.00    0.00      0.00     0.00   0.00    0.00     0.00    0.00    0.00    0.00   0.00
md1              0.00      0.00     0.00   0.00    0.00     0.00 40426.00   2526.62     0.00   0.00    0.03    64.00    0.00      0.00     0.00   0.00    0.00     0.00    0.00    0.00    1.18  85.40
nvme0n1          0.00      0.00     0.00   0.00    0.00     0.00 10110.00    631.88     0.00   0.00    0.03    64.00    0.00      0.00     0.00   0.00    0.00     0.00    0.00    0.00    0.29  21.40
nvme1n1          0.00      0.00     0.00   0.00    0.00     0.00 10104.00    631.50     0.00   0.00    0.03    64.00    0.00      0.00     0.00   0.00    0.00     0.00    0.00    0.00    0.29  21.10
nvme2n1          0.00      0.00     0.00   0.00    0.00     0.00 10104.00    631.50     0.00   0.00    0.03    64.00    0.00      0.00     0.00   0.00    0.00     0.00    0.00    0.00    0.29  21.80
nvme3n1          0.00      0.00     0.00   0.00    0.00     0.00 10107.00    631.69     0.00   0.00    0.03    64.00    0.00      0.00     0.00   0.00    0.00     0.00    0.00    0.00    0.29  24.20
sda              0.00      0.00     0.00   0.00    0.00     0.00    0.00      0.00     0.00   0.00    0.00     0.00    0.00      0.00     0.00   0.00    0.00     0.00    0.00    0.00    0.00   0.00
sdb              0.00      0.00     0.00   0.00    0.00     0.00    0.00      0.00     0.00   0.00    0.00     0.00    0.00      0.00     0.00   0.00    0.00     0.00    0.00    0.00    0.00   0.00
sdg              0.00      0.00     0.00   0.00    0.00     0.00    0.00      0.00     0.00   0.00    0.00     0.00    0.00      0.00     0.00   0.00    0.00     0.00    0.00    0.00    0.00   0.00


avg-cpu:  %user   %nice %system %iowait  %steal   %idle
           0.14    0.00    0.31    0.00    0.00   99.55

Device            r/s     rMB/s   rrqm/s  %rrqm r_await rareq-sz     w/s     wMB/s   wrqm/s  %wrqm w_await wareq-sz     d/s     dMB/s   drqm/s  %drqm d_await dareq-sz     f/s f_await  aqu-sz  %util
dm-0             0.00      0.00     0.00   0.00    0.00     0.00    0.00      0.00     0.00   0.00    0.00     0.00    0.00      0.00     0.00   0.00    0.00     0.00    0.00    0.00    0.00   0.00
dm-1             0.00      0.00     0.00   0.00    0.00     0.00    0.00      0.00     0.00   0.00    0.00     0.00    0.00      0.00     0.00   0.00    0.00     0.00    0.00    0.00    0.00   0.00
dm-2             0.00      0.00     0.00   0.00    0.00     0.00    0.00      0.00     0.00   0.00    0.00     0.00    0.00      0.00     0.00   0.00    0.00     0.00    0.00    0.00    0.00   0.00
md0              0.00      0.00     0.00   0.00    0.00     0.00    0.00      0.00     0.00   0.00    0.00     0.00    0.00      0.00     0.00   0.00    0.00     0.00    0.00    0.00    0.00   0.00
md1              0.00      0.00     0.00   0.00    0.00     0.00 40937.00   2558.56     0.00   0.00    0.03    64.00    0.00      0.00     0.00   0.00    0.00     0.00    0.00    0.00    1.20  87.80
nvme0n1          0.00      0.00     0.00   0.00    0.00     0.00 10232.00    639.50     0.00   0.00    0.03    64.00    0.00      0.00     0.00   0.00    0.00     0.00    0.00    0.00    0.30  23.20
nvme1n1          0.00      0.00     0.00   0.00    0.00     0.00 10236.00    639.75     0.00   0.00    0.03    64.00    0.00      0.00     0.00   0.00    0.00     0.00    0.00    0.00    0.29  21.00
nvme2n1          0.00      0.00     0.00   0.00    0.00     0.00 10234.00    639.62     0.00   0.00    0.03    64.00    0.00      0.00     0.00   0.00    0.00     0.00    0.00    0.00    0.30  21.10
nvme3n1          0.00      0.00     0.00   0.00    0.00     0.00 10237.00    639.81     0.00   0.00    0.03    64.00    0.00      0.00     0.00   0.00    0.00     0.00    0.00    0.00    0.30  23.00
sda              0.00      0.00     0.00   0.00    0.00     0.00    0.00      0.00     0.00   0.00    0.00     0.00    0.00      0.00     0.00   0.00    0.00     0.00    0.00    0.00    0.00   0.00
sdb              0.00      0.00     0.00   0.00    0.00     0.00    0.00      0.00     0.00   0.00    0.00     0.00    0.00      0.00     0.00   0.00    0.00     0.00    0.00    0.00    0.00   0.00
sdg              0.00      0.00     0.00   0.00    0.00     0.00    0.00      0.00     0.00   0.00    0.00     0.00    0.00      0.00     0.00   0.00    0.00     0.00    0.00    0.00    0.00   0.00


avg-cpu:  %user   %nice %system %iowait  %steal   %idle
           0.12    0.00    0.29    0.00    0.00   99.59

Device            r/s     rMB/s   rrqm/s  %rrqm r_await rareq-sz     w/s     wMB/s   wrqm/s  %wrqm w_await wareq-sz     d/s     dMB/s   drqm/s  %drqm d_await dareq-sz     f/s f_await  aqu-sz  %util
dm-0             0.00      0.00     0.00   0.00    0.00     0.00    0.00      0.00     0.00   0.00    0.00     0.00    0.00      0.00     0.00   0.00    0.00     0.00    0.00    0.00    0.00   0.00
dm-1             0.00      0.00     0.00   0.00    0.00     0.00    0.00      0.00     0.00   0.00    0.00     0.00    0.00      0.00     0.00   0.00    0.00     0.00    0.00    0.00    0.00   0.00
dm-2             0.00      0.00     0.00   0.00    0.00     0.00    0.00      0.00     0.00   0.00    0.00     0.00    0.00      0.00     0.00   0.00    0.00     0.00    0.00    0.00    0.00   0.00
md0              0.00      0.00     0.00   0.00    0.00     0.00    0.00      0.00     0.00   0.00    0.00     0.00    0.00      0.00     0.00   0.00    0.00     0.00    0.00    0.00    0.00   0.00
md1              0.00      0.00     0.00   0.00    0.00     0.00 36501.00   2281.31     0.00   0.00    0.03    64.00    0.00      0.00     0.00   0.00    0.00     0.00    0.00    0.00    1.08  76.50
nvme0n1          0.00      0.00     0.00   0.00    0.00     0.00 9136.00    571.00     0.00   0.00    0.03    64.00    0.00      0.00     0.00   0.00    0.00     0.00    0.00    0.00    0.26  20.20
nvme1n1          0.00      0.00     0.00   0.00    0.00     0.00 9124.00    570.25     0.00   0.00    0.03    64.00    0.00      0.00     0.00   0.00    0.00     0.00    0.00    0.00    0.27  20.00
nvme2n1          0.00      0.00     0.00   0.00    0.00     0.00 9134.00    570.88     0.00   0.00    0.03    64.00    0.00      0.00     0.00   0.00    0.00     0.00    0.00    0.00    0.27  16.90
nvme3n1          0.00      0.00     0.00   0.00    0.00     0.00 9136.00    571.00     0.00   0.00    0.03    64.00    0.00      0.00     0.00   0.00    0.00     0.00    0.00    0.00    0.26  22.00
sda              0.00      0.00     0.00   0.00    0.00     0.00    0.00      0.00     0.00   0.00    0.00     0.00    0.00      0.00     0.00   0.00    0.00     0.00    0.00    0.00    0.00   0.00
sdb              0.00      0.00     0.00   0.00    0.00     0.00    0.00      0.00     0.00   0.00    0.00     0.00    0.00      0.00     0.00   0.00    0.00     0.00    0.00    0.00    0.00   0.00
sdg              0.00      0.00     0.00   0.00    0.00     0.00    0.00      0.00     0.00   0.00    0.00     0.00    0.00      0.00     0.00   0.00    0.00     0.00    0.00    0.00    0.00   0.00

