   7       0 loop0 0 0 0 0 0 0 0 0 0 0 0 0 0 0 0 0 0
   7       1 loop1 0 0 0 0 0 0 0 0 0 0 0 0 0 0 0 0 0
   7       2 loop2 0 0 0 0 0 0 0 0 0 0 0 0 0 0 0 0 0
   7       3 loop3 0 0 0 0 0 0 0 0 0 0 0 0 0 0 0 0 0
   7       4 loop4 0 0 0 0 0 0 0 0 0 0 0 0 0 0 0 0 0
   7       5 loop5 0 0 0 0 0 0 0 0 0 0 0 0 0 0 0 0 0
   7       6 loop6 0 0 0 0 0 0 0 0 0 0 0 0 0 0 0 0 0
   7       7 loop7 0 0 0 0 0 0 0 0 0 0 0 0 0 0 0 0 0
   8       0 sda 32027 13435 1710370 697344 32615 26324 1346842 1696199 0 1017997 3326730 0 0 0 0 11620 933186
   8       1 sda1 171 2158 19362 1518 2 0 2 1 0 951 1519 0 0 0 0 0 0
   8       2 sda2 134 33 9106 2421 20 14 248 1947 0 3767 4368 0 0 0 0 0 0
   8       3 sda3 31622 11244 1677326 689734 32593 26310 1346592 1694250 0 1222173 2383985 0 0 0 0 0 0
   8      16 sdb 2090 463 25970 62710 1 0 8 41 0 14786 62792 0 0 0 0 1 40
   9       0 md0 2480 0 25194 66149 1 0 8 41 0 14646 66190 0 0 0 0 0 0
 259       0 nvme1n1 139675 25752 17059994 8363 196769 1563 33568208 14280 0 7990 22644 0 0 0 0 0 0
 259       1 nvme0n1 135777 0 16818984 5794 196630 365 33557504 14028 0 7627 19823 0 0 0 0 0 0
 259       2 nvme3n1 135682 15 16821240 5796 196638 499 33558640 25914 0 19122 31710 0 0 0 0 0 0
 259       3 nvme2n1 135774 0 16818960 5883 196625 370 33557504 13955 0 7363 19838 0 0 0 0 0 0
   9       1 md1 572381 0 67516058 42929 789459 0 134241856 70218 0 32958 113147 0 0 0 0 0 0
 252       0 dm-0 20755 0 1357354 421191 42614 0 1215752 1859671 0 2188538 2280862 0 0 0 0 0 0
 252       1 dm-1 239 0 8810 4620 2202 0 16088 64436 0 45071 69056 0 0 0 0 0 0
 252       2 dm-2 21832 0 309354 1394608 13797 0 114752 671518 0 81710 2066126 0 0 0 0 0 0
   8      32 sdc 0 0 0 0 0 0 0 0 0 0 0 0 0 0 0 0 0
   8      48 sdd 0 0 0 0 0 0 0 0 0 0 0 0 0 0 0 0 0
   8      64 sde 0 0 0 0 0 0 0 0 0 0 0 0 0 0 0 0 0
   8      80 sdf 0 0 0 0 0 0 0 0 0 0 0 0 0 0 0 0 0
  11       0 sr0 0 0 0 0 0 0 0 0 0 0 0 0 0 0 0 0 0
   8      96 sdg 476 12 12632 502 2 0 2 2 0 373 505 0 0 0 0 0 0
   8      97 sdg1 88 0 6520 166 0 0 0 0 0 146 166 0 0 0 0 0 0
   8      98 sdg2 310 12 3448 264 2 0 2 2 0 248 267 0 0 0 0 0 0
  11       1 sr1 0 0 0 0 0 0 0 0 0 0 0 0 0 0 0 0 0
  11       2 sr2 0 0 0 0 0 0 0 0 0 0 0 0 0 0 0 0 0
  11       3 sr3 0 0 0 0 0 0 0 0 0 0 0 0 0 0 0 0 0
