Linux 6.8.0-85-generic (raven4) 	10/24/2025 	_x86_64_	(256 CPU)

avg-cpu:  %user   %nice %system %iowait  %steal   %idle
           0.02    0.00    0.01    0.01    0.00   99.96

Device            r/s     rMB/s   rrqm/s  %rrqm r_await rareq-sz     w/s     wMB/s   wrqm/s  %wrqm w_await wareq-sz     d/s     dMB/s   drqm/s  %drqm d_await dareq-sz     f/s f_await  aqu-sz  %util
dm-0             0.23      0.01     0.00   0.00   20.29    32.70    0.48      0.01     0.00   0.00   43.87    14.12    0.00      0.00     0.00   0.00    0.00     0.00    0.00    0.00    0.03   2.46
dm-1             0.00      0.00     0.00   0.00   19.33    18.43    0.02      0.00     0.00   0.00   29.23     3.65    0.00      0.00     0.00   0.00    0.00     0.00    0.00    0.00    0.00   0.05
dm-2             0.24      0.00     0.00   0.00   63.88     7.08    0.18      0.00     0.00   0.00   48.48     5.16    0.00      0.00     0.00   0.00    0.00     0.00    0.00    0.00    0.02   0.18
md0              0.03      0.00     0.00   0.00   26.67     5.08    0.00      0.00     0.00   0.00   41.00     4.00    0.00      0.00     0.00   0.00    0.00     0.00    0.00    0.00    0.00   0.02
md1             47.33      2.93     0.00   0.00   19.05    63.32   58.96      5.12     0.00   0.00   33.96    88.91    0.00      0.00     0.00   0.00    0.00     0.00    0.00    0.00    2.90   0.20
nvme0n1         11.75      0.73     0.00   0.00    8.69    63.73   14.67      1.28     0.05   0.34   34.79    89.34    0.00      0.00     0.00   0.00    0.00     0.00    0.00    0.00    0.61   0.06
nvme1n1         11.79      0.73     0.29   2.38   16.52    63.61   14.67      1.28     0.12   0.84   35.22    89.33    0.00      0.00     0.00   0.00    0.00     0.00    0.00    0.00    0.71   0.06
nvme2n1         11.75      0.73     0.00   0.00   25.22    63.73   14.67      1.28     0.05   0.35   34.00    89.33    0.00      0.00     0.00   0.00    0.00     0.00    0.00    0.00    0.80   0.06
nvme3n1         11.75      0.73     0.00   0.00   26.24    63.74   14.67      1.28     0.05   0.37   32.57    89.31    0.00      0.00     0.00   0.00    0.00     0.00    0.00    0.00    0.79   0.14
sda              0.36      0.01     0.15  29.55   21.77    26.70    0.38      0.01     0.31  44.97   53.52    20.52    0.00      0.00     0.00   0.00    0.00     0.00    0.14   82.06    0.04   1.23
sdb              0.02      0.00     0.01  18.14   30.00     6.21    0.00      0.00     0.00   0.00   41.00     4.00    0.00      0.00     0.00   0.00    0.00     0.00    0.00   40.00    0.00   0.02
sdg              0.01      0.00     0.00   2.46    1.05    13.27    0.00      0.00     0.00   0.00    1.00     0.50    0.00      0.00     0.00   0.00    0.00     0.00    0.00    0.00    0.00   0.00


avg-cpu:  %user   %nice %system %iowait  %steal   %idle
          51.90    0.00    0.12    0.00    0.00   47.98

Device            r/s     rMB/s   rrqm/s  %rrqm r_await rareq-sz     w/s     wMB/s   wrqm/s  %wrqm w_await wareq-sz     d/s     dMB/s   drqm/s  %drqm d_await dareq-sz     f/s f_await  aqu-sz  %util
dm-0             0.00      0.00     0.00   0.00    0.00     0.00    0.00      0.00     0.00   0.00    0.00     0.00    0.00      0.00     0.00   0.00    0.00     0.00    0.00    0.00    0.00   0.00
dm-1             0.00      0.00     0.00   0.00    0.00     0.00    0.00      0.00     0.00   0.00    0.00     0.00    0.00      0.00     0.00   0.00    0.00     0.00    0.00    0.00    0.00   0.00
dm-2             0.00      0.00     0.00   0.00    0.00     0.00    0.00      0.00     0.00   0.00    0.00     0.00    0.00      0.00     0.00   0.00    0.00     0.00    0.00    0.00    0.00   0.00
md0              0.00      0.00     0.00   0.00    0.00     0.00    0.00      0.00     0.00   0.00    0.00     0.00    0.00      0.00     0.00   0.00    0.00     0.00    0.00    0.00    0.00   0.00
md1              0.00      0.00     0.00   0.00    0.00     0.00  279.00      1.09     0.00   0.00    0.19     4.00    0.00      0.00     0.00   0.00    0.00     0.00    0.00    0.00    0.05   0.10
nvme0n1          0.00      0.00     0.00   0.00    0.00     0.00    4.00      0.50   124.00  96.88    0.00   128.00    0.00      0.00     0.00   0.00    0.00     0.00    0.00    0.00    0.00   0.00
nvme1n1          0.00      0.00     0.00   0.00    0.00     0.00    4.00      0.50   123.00  96.85    0.25   127.00    0.00      0.00     0.00   0.00    0.00     0.00    0.00    0.00    0.00   0.10
nvme2n1          0.00      0.00     0.00   0.00    0.00     0.00    2.00      0.09    22.00  91.67    0.00    48.00    0.00      0.00     0.00   0.00    0.00     0.00    0.00    0.00    0.00   0.00
nvme3n1          0.00      0.00     0.00   0.00    0.00     0.00    0.00      0.00     0.00   0.00    0.00     0.00    0.00      0.00     0.00   0.00    0.00     0.00    0.00    0.00    0.00   0.00
sda              0.00      0.00     0.00   0.00    0.00     0.00    0.00      0.00     0.00   0.00    0.00     0.00    0.00      0.00     0.00   0.00    0.00     0.00    0.00    0.00    0.00   0.00
sdb              0.00      0.00     0.00   0.00    0.00     0.00    0.00      0.00     0.00   0.00    0.00     0.00    0.00      0.00     0.00   0.00    0.00     0.00    0.00    0.00    0.00   0.00
sdg              0.00      0.00     0.00   0.00    0.00     0.00    0.00      0.00     0.00   0.00    0.00     0.00    0.00      0.00     0.00   0.00    0.00     0.00    0.00    0.00    0.00   0.00


avg-cpu:  %user   %nice %system %iowait  %steal   %idle
           0.14    0.00    0.28    0.02    0.00   99.57

Device            r/s     rMB/s   rrqm/s  %rrqm r_await rareq-sz     w/s     wMB/s   wrqm/s  %wrqm w_await wareq-sz     d/s     dMB/s   drqm/s  %drqm d_await dareq-sz     f/s f_await  aqu-sz  %util
dm-0             0.00      0.00     0.00   0.00    0.00     0.00    0.00      0.00     0.00   0.00    0.00     0.00    0.00      0.00     0.00   0.00    0.00     0.00    0.00    0.00    0.00   0.00
dm-1             0.00      0.00     0.00   0.00    0.00     0.00    0.00      0.00     0.00   0.00    0.00     0.00    0.00      0.00     0.00   0.00    0.00     0.00    0.00    0.00    0.00   0.00
dm-2             0.00      0.00     0.00   0.00    0.00     0.00   21.00      0.08     0.00   0.00    1.00     4.00    0.00      0.00     0.00   0.00    0.00     0.00    0.00    0.00    0.02   2.50
md0              0.00      0.00     0.00   0.00    0.00     0.00    0.00      0.00     0.00   0.00    0.00     0.00    0.00      0.00     0.00   0.00    0.00     0.00    0.00    0.00    0.00   0.00
md1              0.00      0.00     0.00   0.00    0.00     0.00 39034.00   2439.62     0.00   0.00    0.03    64.00    0.00      0.00     0.00   0.00    0.00     0.00    0.00    0.00    1.11  76.70
nvme0n1          0.00      0.00     0.00   0.00    0.00     0.00 9752.00    609.50     0.00   0.00    0.03    64.00    0.00      0.00     0.00   0.00    0.00     0.00    0.00    0.00    0.27  20.80
nvme1n1          0.00      0.00     0.00   0.00    0.00     0.00 9760.00    610.00     0.00   0.00    0.03    64.00    0.00      0.00     0.00   0.00    0.00     0.00    0.00    0.00    0.28  20.60
nvme2n1          0.00      0.00     0.00   0.00    0.00     0.00 9752.00    609.50     0.00   0.00    0.03    64.00    0.00      0.00     0.00   0.00    0.00     0.00    0.00    0.00    0.28  18.80
nvme3n1          0.00      0.00     0.00   0.00    0.00     0.00 9752.00    609.50     0.00   0.00    0.03    64.00    0.00      0.00     0.00   0.00    0.00     0.00    0.00    0.00    0.27  22.20
sda              0.00      0.00     0.00   0.00    0.00     0.00    1.00      0.08    22.00  95.65    1.00    84.00    0.00      0.00     0.00   0.00    0.00     0.00    0.00    0.00    0.00   0.10
sdb              0.00      0.00     0.00   0.00    0.00     0.00    0.00      0.00     0.00   0.00    0.00     0.00    0.00      0.00     0.00   0.00    0.00     0.00    0.00    0.00    0.00   0.00
sdg              0.00      0.00     0.00   0.00    0.00     0.00    0.00      0.00     0.00   0.00    0.00     0.00    0.00      0.00     0.00   0.00    0.00     0.00    0.00    0.00    0.00   0.00


avg-cpu:  %user   %nice %system %iowait  %steal   %idle
           0.15    0.00    0.29    0.07    0.00   99.49

Device            r/s     rMB/s   rrqm/s  %rrqm r_await rareq-sz     w/s     wMB/s   wrqm/s  %wrqm w_await wareq-sz     d/s     dMB/s   drqm/s  %drqm d_await dareq-sz     f/s f_await  aqu-sz  %util
dm-0             0.00      0.00     0.00   0.00    0.00     0.00    0.00      0.00     0.00   0.00    0.00     0.00    0.00      0.00     0.00   0.00    0.00     0.00    0.00    0.00    0.00   0.00
dm-1             0.00      0.00     0.00   0.00    0.00     0.00    0.00      0.00     0.00   0.00    0.00     0.00    0.00      0.00     0.00   0.00    0.00     0.00    0.00    0.00    0.00   0.00
dm-2             0.00      0.00     0.00   0.00    0.00     0.00   31.00      0.45     0.00   0.00   69.13    14.97    0.00      0.00     0.00   0.00    0.00     0.00    0.00    0.00    2.14  13.20
md0              0.00      0.00     0.00   0.00    0.00     0.00    0.00      0.00     0.00   0.00    0.00     0.00    0.00      0.00     0.00   0.00    0.00     0.00    0.00    0.00    0.00   0.00
md1              0.00      0.00     0.00   0.00    0.00     0.00 42025.00   2626.56     0.00   0.00    0.03    64.00    0.00      0.00     0.00   0.00    0.00     0.00    0.00    0.00    1.16  81.90
nvme0n1          0.00      0.00     0.00   0.00    0.00     0.00 10511.00    656.94     0.00   0.00    0.03    64.00    0.00      0.00     0.00   0.00    0.00     0.00    0.00    0.00    0.29  23.40
nvme1n1          0.00      0.00     0.00   0.00    0.00     0.00 10504.00    656.50     0.00   0.00    0.03    64.00    0.00      0.00     0.00   0.00    0.00     0.00    0.00    0.00    0.29  20.80
nvme2n1          0.00      0.00     0.00   0.00    0.00     0.00 10511.00    657.00     0.00   0.00    0.03    64.01    0.00      0.00     0.00   0.00    0.00     0.00    0.00    0.00    0.29  20.90
nvme3n1          0.00      0.00     0.00   0.00    0.00     0.00 10504.00    656.50     0.00   0.00    0.03    64.00    0.00      0.00     0.00   0.00    0.00     0.00    0.00    0.00    0.29  21.10
sda              0.00      0.00     0.00   0.00    0.00     0.00   11.00      0.45    18.00  62.07   88.36    42.18    0.00      0.00     0.00   0.00    0.00     0.00    3.00   51.00    1.12  15.20
sdb              0.00      0.00     0.00   0.00    0.00     0.00    0.00      0.00     0.00   0.00    0.00     0.00    0.00      0.00     0.00   0.00    0.00     0.00    0.00    0.00    0.00   0.00
sdg              0.00      0.00     0.00   0.00    0.00     0.00    0.00      0.00     0.00   0.00    0.00     0.00    0.00      0.00     0.00   0.00    0.00     0.00    0.00    0.00    0.00   0.00


avg-cpu:  %user   %nice %system %iowait  %steal   %idle
           0.14    0.00    0.31    0.01    0.00   99.54

Device            r/s     rMB/s   rrqm/s  %rrqm r_await rareq-sz     w/s     wMB/s   wrqm/s  %wrqm w_await wareq-sz     d/s     dMB/s   drqm/s  %drqm d_await dareq-sz     f/s f_await  aqu-sz  %util
dm-0             0.00      0.00     0.00   0.00    0.00     0.00    0.00      0.00     0.00   0.00    0.00     0.00    0.00      0.00     0.00   0.00    0.00     0.00    0.00    0.00    0.00   0.00
dm-1             0.00      0.00     0.00   0.00    0.00     0.00    0.00      0.00     0.00   0.00    0.00     0.00    0.00      0.00     0.00   0.00    0.00     0.00    0.00    0.00    0.00   0.00
dm-2             0.00      0.00     0.00   0.00    0.00     0.00    0.00      0.00     0.00   0.00    0.00     0.00    0.00      0.00     0.00   0.00    0.00     0.00    0.00    0.00    0.00   0.00
md0              0.00      0.00     0.00   0.00    0.00     0.00    0.00      0.00     0.00   0.00    0.00     0.00    0.00      0.00     0.00   0.00    0.00     0.00    0.00    0.00    0.00   0.00
md1              0.00      0.00     0.00   0.00    0.00     0.00 42119.00   2632.44     0.00   0.00    0.03    64.00    0.00      0.00     0.00   0.00    0.00     0.00    0.00    0.00    1.17  80.60
nvme0n1          0.00      0.00     0.00   0.00    0.00     0.00 10529.00    658.06     0.00   0.00    0.03    64.00    0.00      0.00     0.00   0.00    0.00     0.00    0.00    0.00    0.29  23.10
nvme1n1          0.00      0.00     0.00   0.00    0.00     0.00 10534.00    658.38     0.00   0.00    0.03    64.00    0.00      0.00     0.00   0.00    0.00     0.00    0.00    0.00    0.30  17.90
nvme2n1          0.00      0.00     0.00   0.00    0.00     0.00 10529.00    658.00     0.00   0.00    0.03    63.99    0.00      0.00     0.00   0.00    0.00     0.00    0.00    0.00    0.30  20.50
nvme3n1          0.00      0.00     0.00   0.00    0.00     0.00 10528.00    658.00     0.00   0.00    0.03    64.00    0.00      0.00     0.00   0.00    0.00     0.00    0.00    0.00    0.29  23.20
sda              0.00      0.00     0.00   0.00    0.00     0.00    0.00      0.00     0.00   0.00    0.00     0.00    0.00      0.00     0.00   0.00    0.00     0.00    0.00    0.00    0.00   0.00
sdb              0.00      0.00     0.00   0.00    0.00     0.00    0.00      0.00     0.00   0.00    0.00     0.00    0.00      0.00     0.00   0.00    0.00     0.00    0.00    0.00    0.00   0.00
sdg              0.00      0.00     0.00   0.00    0.00     0.00    0.00      0.00     0.00   0.00    0.00     0.00    0.00      0.00     0.00   0.00    0.00     0.00    0.00    0.00    0.00   0.00


avg-cpu:  %user   %nice %system %iowait  %steal   %idle
           0.16    0.00    0.33    0.00    0.00   99.51

Device            r/s     rMB/s   rrqm/s  %rrqm r_await rareq-sz     w/s     wMB/s   wrqm/s  %wrqm w_await wareq-sz     d/s     dMB/s   drqm/s  %drqm d_await dareq-sz     f/s f_await  aqu-sz  %util
dm-0             0.00      0.00     0.00   0.00    0.00     0.00    0.00      0.00     0.00   0.00    0.00     0.00    0.00      0.00     0.00   0.00    0.00     0.00    0.00    0.00    0.00   0.00
dm-1             0.00      0.00     0.00   0.00    0.00     0.00    0.00      0.00     0.00   0.00    0.00     0.00    0.00      0.00     0.00   0.00    0.00     0.00    0.00    0.00    0.00   0.00
dm-2             0.00      0.00     0.00   0.00    0.00     0.00    0.00      0.00     0.00   0.00    0.00     0.00    0.00      0.00     0.00   0.00    0.00     0.00    0.00    0.00    0.00   0.00
md0              0.00      0.00     0.00   0.00    0.00     0.00    0.00      0.00     0.00   0.00    0.00     0.00    0.00      0.00     0.00   0.00    0.00     0.00    0.00    0.00    0.00   0.00
md1              0.00      0.00     0.00   0.00    0.00     0.00 41926.00   2620.38     0.00   0.00    0.03    64.00    0.00      0.00     0.00   0.00    0.00     0.00    0.00    0.00    1.25  82.60
nvme0n1          0.00      0.00     0.00   0.00    0.00     0.00 10472.00    654.50     0.00   0.00    0.03    64.00    0.00      0.00     0.00   0.00    0.00     0.00    0.00    0.00    0.29  22.90
nvme1n1          0.00      0.00     0.00   0.00    0.00     0.00 10482.00    655.12     0.00   0.00    0.03    64.00    0.00      0.00     0.00   0.00    0.00     0.00    0.00    0.00    0.29  22.20
nvme2n1          0.00      0.00     0.00   0.00    0.00     0.00 10476.00    654.75     0.00   0.00    0.03    64.00    0.00      0.00     0.00   0.00    0.00     0.00    0.00    0.00    0.29  21.40
nvme3n1          0.00      0.00     0.00   0.00    0.00     0.00 10480.00    655.00     0.00   0.00    0.03    64.00    0.00      0.00     0.00   0.00    0.00     0.00    0.00    0.00    0.29  23.00
sda              0.00      0.00     0.00   0.00    0.00     0.00    0.00      0.00     0.00   0.00    0.00     0.00    0.00      0.00     0.00   0.00    0.00     0.00    0.00    0.00    0.00   0.00
sdb              0.00      0.00     0.00   0.00    0.00     0.00    0.00      0.00     0.00   0.00    0.00     0.00    0.00      0.00     0.00   0.00    0.00     0.00    0.00    0.00    0.00   0.00
sdg              0.00      0.00     0.00   0.00    0.00     0.00    0.00      0.00     0.00   0.00    0.00     0.00    0.00      0.00     0.00   0.00    0.00     0.00    0.00    0.00    0.00   0.00


avg-cpu:  %user   %nice %system %iowait  %steal   %idle
           0.20    0.00    0.44    0.00    0.00   99.36

Device            r/s     rMB/s   rrqm/s  %rrqm r_await rareq-sz     w/s     wMB/s   wrqm/s  %wrqm w_await wareq-sz     d/s     dMB/s   drqm/s  %drqm d_await dareq-sz     f/s f_await  aqu-sz  %util
dm-0             0.00      0.00     0.00   0.00    0.00     0.00    0.00      0.00     0.00   0.00    0.00     0.00    0.00      0.00     0.00   0.00    0.00     0.00    0.00    0.00    0.00   0.00
dm-1             0.00      0.00     0.00   0.00    0.00     0.00    0.00      0.00     0.00   0.00    0.00     0.00    0.00      0.00     0.00   0.00    0.00     0.00    0.00    0.00    0.00   0.00
dm-2             0.00      0.00     0.00   0.00    0.00     0.00    0.00      0.00     0.00   0.00    0.00     0.00    0.00      0.00     0.00   0.00    0.00     0.00    0.00    0.00    0.00   0.00
md0              0.00      0.00     0.00   0.00    0.00     0.00    0.00      0.00     0.00   0.00    0.00     0.00    0.00      0.00     0.00   0.00    0.00     0.00    0.00    0.00    0.00   0.00
md1              0.00      0.00     0.00   0.00    0.00     0.00 41730.00   2587.91     0.00   0.00    0.03    63.50    0.00      0.00     0.00   0.00    0.00     0.00    0.00    0.00    1.26  81.20
nvme0n1          0.00      0.00     0.00   0.00    0.00     0.00 10352.00    647.00     0.00   0.00    0.03    64.00    0.00      0.00     0.00   0.00    0.00     0.00    0.00    0.00    0.29  22.30
nvme1n1          0.00      0.00     0.00   0.00    0.00     0.00 10349.00    646.94   108.00   1.03    0.03    64.01    0.00      0.00     0.00   0.00    0.00     0.00    0.00    0.00    0.29  20.60
nvme2n1          0.00      0.00     0.00   0.00    0.00     0.00 10352.00    647.16   100.00   0.96    0.03    64.02    0.00      0.00     0.00   0.00    0.00     0.00    0.00    0.00    0.29  21.30
nvme3n1          0.00      0.00     0.00   0.00    0.00     0.00 10348.00    647.00   124.00   1.18    0.03    64.02    0.00      0.00     0.00   0.00    0.00     0.00    0.00    0.00    0.29  21.60
sda              0.00      0.00     0.00   0.00    0.00     0.00    0.00      0.00     0.00   0.00    0.00     0.00    0.00      0.00     0.00   0.00    0.00     0.00    0.00    0.00    0.00   0.00
sdb              0.00      0.00     0.00   0.00    0.00     0.00    0.00      0.00     0.00   0.00    0.00     0.00    0.00      0.00     0.00   0.00    0.00     0.00    0.00    0.00    0.00   0.00
sdg              0.00      0.00     0.00   0.00    0.00     0.00    0.00      0.00     0.00   0.00    0.00     0.00    0.00      0.00     0.00   0.00    0.00     0.00    0.00    0.00    0.00   0.00


avg-cpu:  %user   %nice %system %iowait  %steal   %idle
           0.14    0.00    0.31    0.01    0.00   99.54

Device            r/s     rMB/s   rrqm/s  %rrqm r_await rareq-sz     w/s     wMB/s   wrqm/s  %wrqm w_await wareq-sz     d/s     dMB/s   drqm/s  %drqm d_await dareq-sz     f/s f_await  aqu-sz  %util
dm-0             0.00      0.00     0.00   0.00    0.00     0.00    0.00      0.00     0.00   0.00    0.00     0.00    0.00      0.00     0.00   0.00    0.00     0.00    0.00    0.00    0.00   0.00
dm-1             0.00      0.00     0.00   0.00    0.00     0.00    0.00      0.00     0.00   0.00    0.00     0.00    0.00      0.00     0.00   0.00    0.00     0.00    0.00    0.00    0.00   0.00
dm-2             0.00      0.00     0.00   0.00    0.00     0.00   11.00      0.04     0.00   0.00    0.09     4.00    0.00      0.00     0.00   0.00    0.00     0.00    0.00    0.00    0.00   2.50
md0              0.00      0.00     0.00   0.00    0.00     0.00    0.00      0.00     0.00   0.00    0.00     0.00    0.00      0.00     0.00   0.00    0.00     0.00    0.00    0.00    0.00   0.00
md1              0.00      0.00     0.00   0.00    0.00     0.00 42469.00   2618.69     0.00   0.00    0.04    63.14    0.00      0.00     0.00   0.00    0.00     0.00    0.00    0.00    1.88  81.50
nvme0n1          0.00      0.00     0.00   0.00    0.00     0.00 10464.00    654.00     0.00   0.00    0.03    64.00    0.00      0.00     0.00   0.00    0.00     0.00    0.00    0.00    0.29  21.80
nvme1n1          0.00      0.00     0.00   0.00    0.00     0.00 10518.00    656.38   554.00   5.00    0.03    63.90    0.00      0.00     0.00   0.00    0.00     0.00    0.00    0.00    0.35  21.70
nvme2n1          0.00      0.00     0.00   0.00    0.00     0.00 10464.00    654.00     0.00   0.00    0.03    64.00    0.00      0.00     0.00   0.00    0.00     0.00    0.00    0.00    0.29  22.50
nvme3n1          0.00      0.00     0.00   0.00    0.00     0.00 10467.00    654.19     0.00   0.00    0.03    64.00    0.00      0.00     0.00   0.00    0.00     0.00    0.00    0.00    0.29  21.10
sda              0.00      0.00     0.00   0.00    0.00     0.00    1.00      0.04    10.00  90.91    1.00    44.00    0.00      0.00     0.00   0.00    0.00     0.00    0.00    0.00    0.00   0.00
sdb              0.00      0.00     0.00   0.00    0.00     0.00    0.00      0.00     0.00   0.00    0.00     0.00    0.00      0.00     0.00   0.00    0.00     0.00    0.00    0.00    0.00   0.00
sdg              0.00      0.00     0.00   0.00    0.00     0.00    0.00      0.00     0.00   0.00    0.00     0.00    0.00      0.00     0.00   0.00    0.00     0.00    0.00    0.00    0.00   0.00


avg-cpu:  %user   %nice %system %iowait  %steal   %idle
           0.13    0.00    0.32    0.23    0.00   99.32

Device            r/s     rMB/s   rrqm/s  %rrqm r_await rareq-sz     w/s     wMB/s   wrqm/s  %wrqm w_await wareq-sz     d/s     dMB/s   drqm/s  %drqm d_await dareq-sz     f/s f_await  aqu-sz  %util
dm-0             0.00      0.00     0.00   0.00    0.00     0.00    0.00      0.00     0.00   0.00    0.00     0.00    0.00      0.00     0.00   0.00    0.00     0.00    0.00    0.00    0.00   0.00
dm-1             0.00      0.00     0.00   0.00    0.00     0.00    0.00      0.00     0.00   0.00    0.00     0.00    0.00      0.00     0.00   0.00    0.00     0.00    0.00    0.00    0.00   0.00
dm-2             0.00      0.00     0.00   0.00    0.00     0.00   29.00      0.23     0.00   0.00   22.52     8.28    0.00      0.00     0.00   0.00    0.00     0.00    0.00    0.00    0.65  58.10
md0              0.00      0.00     0.00   0.00    0.00     0.00    0.00      0.00     0.00   0.00    0.00     0.00    0.00      0.00     0.00   0.00    0.00     0.00    0.00    0.00    0.00   0.00
md1              0.00      0.00     0.00   0.00    0.00     0.00 42002.00   2625.12     0.00   0.00    0.03    64.00    0.00      0.00     0.00   0.00    0.00     0.00    0.00    0.00    1.18  81.00
nvme0n1          0.00      0.00     0.00   0.00    0.00     0.00 10496.00    656.00     0.00   0.00    0.03    64.00    0.00      0.00     0.00   0.00    0.00     0.00    0.00    0.00    0.29  22.00
nvme1n1          0.00      0.00     0.00   0.00    0.00     0.00 10504.00    656.50     0.00   0.00    0.03    64.00    0.00      0.00     0.00   0.00    0.00     0.00    0.00    0.00    0.30  19.80
nvme2n1          0.00      0.00     0.00   0.00    0.00     0.00 10504.00    656.50     0.00   0.00    0.03    64.00    0.00      0.00     0.00   0.00    0.00     0.00    0.00    0.00    0.29  20.20
nvme3n1          0.00      0.00     0.00   0.00    0.00     0.00 10501.00    656.31     0.00   0.00    0.03    64.00    0.00      0.00     0.00   0.00    0.00     0.00    0.00    0.00    0.29  22.90
sda              0.00      0.00     0.00   0.00    0.00     0.00   23.00      0.23     6.00  20.69   28.04    10.43    0.00      0.00     0.00   0.00    0.00     0.00    3.00  200.00    1.25  60.50
sdb              0.00      0.00     0.00   0.00    0.00     0.00    0.00      0.00     0.00   0.00    0.00     0.00    0.00      0.00     0.00   0.00    0.00     0.00    0.00    0.00    0.00   0.00
sdg              0.00      0.00     0.00   0.00    0.00     0.00    0.00      0.00     0.00   0.00    0.00     0.00    0.00      0.00     0.00   0.00    0.00     0.00    0.00    0.00    0.00   0.00


avg-cpu:  %user   %nice %system %iowait  %steal   %idle
           0.14    0.00    0.31    0.02    0.00   99.53

Device            r/s     rMB/s   rrqm/s  %rrqm r_await rareq-sz     w/s     wMB/s   wrqm/s  %wrqm w_await wareq-sz     d/s     dMB/s   drqm/s  %drqm d_await dareq-sz     f/s f_await  aqu-sz  %util
dm-0             0.00      0.00     0.00   0.00    0.00     0.00    4.00      0.01     0.00   0.00   16.25     3.00    0.00      0.00     0.00   0.00    0.00     0.00    0.00    0.00    0.07   6.50
dm-1             0.00      0.00     0.00   0.00    0.00     0.00    0.00      0.00     0.00   0.00    0.00     0.00    0.00      0.00     0.00   0.00    0.00     0.00    0.00    0.00    0.00   0.00
dm-2             0.00      0.00     0.00   0.00    0.00     0.00    0.00      0.00     0.00   0.00    0.00     0.00    0.00      0.00     0.00   0.00    0.00     0.00    0.00    0.00    0.00   0.00
md0              0.00      0.00     0.00   0.00    0.00     0.00    0.00      0.00     0.00   0.00    0.00     0.00    0.00      0.00     0.00   0.00    0.00     0.00    0.00    0.00    0.00   0.00
md1              0.00      0.00     0.00   0.00    0.00     0.00 41893.00   2618.31     0.00   0.00    0.03    64.00    0.00      0.00     0.00   0.00    0.00     0.00    0.00    0.00    1.20  80.10
nvme0n1          0.00      0.00     0.00   0.00    0.00     0.00 10476.00    654.81     0.00   0.00    0.03    64.01    0.00      0.00     0.00   0.00    0.00     0.00    0.00    0.00    0.29  22.80
nvme1n1          0.00      0.00     0.00   0.00    0.00     0.00 10472.00    654.50     0.00   0.00    0.03    64.00    0.00      0.00     0.00   0.00    0.00     0.00    0.00    0.00    0.30  20.80
nvme2n1          0.00      0.00     0.00   0.00    0.00     0.00 10472.00    654.50     0.00   0.00    0.03    64.00    0.00      0.00     0.00   0.00    0.00     0.00    0.00    0.00    0.30  19.70
nvme3n1          0.00      0.00     0.00   0.00    0.00     0.00 10472.00    654.50     0.00   0.00    0.03    64.00    0.00      0.00     0.00   0.00    0.00     0.00    0.00    0.00    0.29  21.30
sda              0.00      0.00     0.00   0.00    0.00     0.00    3.00      0.01     1.00  25.00   21.67     4.00    0.00      0.00     0.00   0.00    0.00     0.00    3.00   21.33    0.13   6.50
sdb              0.00      0.00     0.00   0.00    0.00     0.00    0.00      0.00     0.00   0.00    0.00     0.00    0.00      0.00     0.00   0.00    0.00     0.00    0.00    0.00    0.00   0.00
sdg              0.00      0.00     0.00   0.00    0.00     0.00    0.00      0.00     0.00   0.00    0.00     0.00    0.00      0.00     0.00   0.00    0.00     0.00    0.00    0.00    0.00   0.00


avg-cpu:  %user   %nice %system %iowait  %steal   %idle
           0.15    0.00    0.30    0.00    0.00   99.55

Device            r/s     rMB/s   rrqm/s  %rrqm r_await rareq-sz     w/s     wMB/s   wrqm/s  %wrqm w_await wareq-sz     d/s     dMB/s   drqm/s  %drqm d_await dareq-sz     f/s f_await  aqu-sz  %util
dm-0             0.00      0.00     0.00   0.00    0.00     0.00    0.00      0.00     0.00   0.00    0.00     0.00    0.00      0.00     0.00   0.00    0.00     0.00    0.00    0.00    0.00   0.00
dm-1             0.00      0.00     0.00   0.00    0.00     0.00    0.00      0.00     0.00   0.00    0.00     0.00    0.00      0.00     0.00   0.00    0.00     0.00    0.00    0.00    0.00   0.00
dm-2             0.00      0.00     0.00   0.00    0.00     0.00    0.00      0.00     0.00   0.00    0.00     0.00    0.00      0.00     0.00   0.00    0.00     0.00    0.00    0.00    0.00   0.00
md0              0.00      0.00     0.00   0.00    0.00     0.00    0.00      0.00     0.00   0.00    0.00     0.00    0.00      0.00     0.00   0.00    0.00     0.00    0.00    0.00    0.00   0.00
md1              0.00      0.00     0.00   0.00    0.00     0.00 41875.00   2617.19     0.00   0.00    0.03    64.00    0.00      0.00     0.00   0.00    0.00     0.00    0.00    0.00    1.18  79.40
nvme0n1          0.00      0.00     0.00   0.00    0.00     0.00 10468.00    654.19     0.00   0.00    0.03    63.99    0.00      0.00     0.00   0.00    0.00     0.00    0.00    0.00    0.29  21.80
nvme1n1          0.00      0.00     0.00   0.00    0.00     0.00 10465.00    654.06     0.00   0.00    0.03    64.00    0.00      0.00     0.00   0.00    0.00     0.00    0.00    0.00    0.29  21.70
nvme2n1          0.00      0.00     0.00   0.00    0.00     0.00 10464.00    654.00     0.00   0.00    0.03    64.00    0.00      0.00     0.00   0.00    0.00     0.00    0.00    0.00    0.29  21.90
nvme3n1          0.00      0.00     0.00   0.00    0.00     0.00 10472.00    654.50     0.00   0.00    0.03    64.00    0.00      0.00     0.00   0.00    0.00     0.00    0.00    0.00    0.29  21.20
sda              0.00      0.00     0.00   0.00    0.00     0.00    0.00      0.00     0.00   0.00    0.00     0.00    0.00      0.00     0.00   0.00    0.00     0.00    0.00    0.00    0.00   0.00
sdb              0.00      0.00     0.00   0.00    0.00     0.00    0.00      0.00     0.00   0.00    0.00     0.00    0.00      0.00     0.00   0.00    0.00     0.00    0.00    0.00    0.00   0.00
sdg              0.00      0.00     0.00   0.00    0.00     0.00    0.00      0.00     0.00   0.00    0.00     0.00    0.00      0.00     0.00   0.00    0.00     0.00    0.00    0.00    0.00   0.00


avg-cpu:  %user   %nice %system %iowait  %steal   %idle
           0.16    0.00    0.29    0.00    0.00   99.55

Device            r/s     rMB/s   rrqm/s  %rrqm r_await rareq-sz     w/s     wMB/s   wrqm/s  %wrqm w_await wareq-sz     d/s     dMB/s   drqm/s  %drqm d_await dareq-sz     f/s f_await  aqu-sz  %util
dm-0             0.00      0.00     0.00   0.00    0.00     0.00    0.00      0.00     0.00   0.00    0.00     0.00    0.00      0.00     0.00   0.00    0.00     0.00    0.00    0.00    0.00   0.00
dm-1             0.00      0.00     0.00   0.00    0.00     0.00    0.00      0.00     0.00   0.00    0.00     0.00    0.00      0.00     0.00   0.00    0.00     0.00    0.00    0.00    0.00   0.00
dm-2             0.00      0.00     0.00   0.00    0.00     0.00    0.00      0.00     0.00   0.00    0.00     0.00    0.00      0.00     0.00   0.00    0.00     0.00    0.00    0.00    0.00   0.00
md0              0.00      0.00     0.00   0.00    0.00     0.00    0.00      0.00     0.00   0.00    0.00     0.00    0.00      0.00     0.00   0.00    0.00     0.00    0.00    0.00    0.00   0.00
md1              0.00      0.00     0.00   0.00    0.00     0.00 42103.00   2631.14     0.00   0.00    0.03    63.99    0.00      0.00     0.00   0.00    0.00     0.00    0.00    0.00    1.20  84.20
nvme0n1          0.00      0.00     0.00   0.00    0.00     0.00 10528.00    658.00     0.00   0.00    0.03    64.00    0.00      0.00     0.00   0.00    0.00     0.00    0.00    0.00    0.29  23.00
nvme1n1          0.00      0.00     0.00   0.00    0.00     0.00 10529.00    657.96     3.00   0.03    0.03    63.99    0.00      0.00     0.00   0.00    0.00     0.00    0.00    0.00    0.30  21.40
nvme2n1          0.00      0.00     0.00   0.00    0.00     0.00 10528.00    658.00     0.00   0.00    0.03    64.00    0.00      0.00     0.00   0.00    0.00     0.00    0.00    0.00    0.30  21.60
nvme3n1          0.00      0.00     0.00   0.00    0.00     0.00 10520.00    657.56     0.00   0.00    0.03    64.01    0.00      0.00     0.00   0.00    0.00     0.00    0.00    0.00    0.29  22.30
sda              0.00      0.00     0.00   0.00    0.00     0.00    0.00      0.00     0.00   0.00    0.00     0.00    0.00      0.00     0.00   0.00    0.00     0.00    0.00    0.00    0.00   0.00
sdb              0.00      0.00     0.00   0.00    0.00     0.00    0.00      0.00     0.00   0.00    0.00     0.00    0.00      0.00     0.00   0.00    0.00     0.00    0.00    0.00    0.00   0.00
sdg              0.00      0.00     0.00   0.00    0.00     0.00    0.00      0.00     0.00   0.00    0.00     0.00    0.00      0.00     0.00   0.00    0.00     0.00    0.00    0.00    0.00   0.00


avg-cpu:  %user   %nice %system %iowait  %steal   %idle
           0.14    0.00    0.31    0.00    0.00   99.55

Device            r/s     rMB/s   rrqm/s  %rrqm r_await rareq-sz     w/s     wMB/s   wrqm/s  %wrqm w_await wareq-sz     d/s     dMB/s   drqm/s  %drqm d_await dareq-sz     f/s f_await  aqu-sz  %util
dm-0             0.00      0.00     0.00   0.00    0.00     0.00    0.00      0.00     0.00   0.00    0.00     0.00    0.00      0.00     0.00   0.00    0.00     0.00    0.00    0.00    0.00   0.00
dm-1             0.00      0.00     0.00   0.00    0.00     0.00    0.00      0.00     0.00   0.00    0.00     0.00    0.00      0.00     0.00   0.00    0.00     0.00    0.00    0.00    0.00   0.00
dm-2             0.00      0.00     0.00   0.00    0.00     0.00    7.00      0.03     0.00   0.00    0.00     4.00    0.00      0.00     0.00   0.00    0.00     0.00    0.00    0.00    0.00   2.00
md0              0.00      0.00     0.00   0.00    0.00     0.00    0.00      0.00     0.00   0.00    0.00     0.00    0.00      0.00     0.00   0.00    0.00     0.00    0.00    0.00    0.00   0.00
md1              0.00      0.00     0.00   0.00    0.00     0.00 42008.00   2625.50     0.00   0.00    0.03    64.00    0.00      0.00     0.00   0.00    0.00     0.00    0.00    0.00    1.20  82.50
nvme0n1          0.00      0.00     0.00   0.00    0.00     0.00 10496.00    656.00     0.00   0.00    0.03    64.00    0.00      0.00     0.00   0.00    0.00     0.00    0.00    0.00    0.29  22.00
nvme1n1          0.00      0.00     0.00   0.00    0.00     0.00 10504.00    656.50     0.00   0.00    0.03    64.00    0.00      0.00     0.00   0.00    0.00     0.00    0.00    0.00    0.30  20.10
nvme2n1          0.00      0.00     0.00   0.00    0.00     0.00 10504.00    656.50     0.00   0.00    0.03    64.00    0.00      0.00     0.00   0.00    0.00     0.00    0.00    0.00    0.30  20.70
nvme3n1          0.00      0.00     0.00   0.00    0.00     0.00 10504.00    656.44     0.00   0.00    0.03    63.99    0.00      0.00     0.00   0.00    0.00     0.00    0.00    0.00    0.29  22.90
sda              0.00      0.00     0.00   0.00    0.00     0.00    1.00      0.03     6.00  85.71    1.00    28.00    0.00      0.00     0.00   0.00    0.00     0.00    0.00    0.00    0.00   0.00
sdb              0.00      0.00     0.00   0.00    0.00     0.00    0.00      0.00     0.00   0.00    0.00     0.00    0.00      0.00     0.00   0.00    0.00     0.00    0.00    0.00    0.00   0.00
sdg              0.00      0.00     0.00   0.00    0.00     0.00    0.00      0.00     0.00   0.00    0.00     0.00    0.00      0.00     0.00   0.00    0.00     0.00    0.00    0.00    0.00   0.00


avg-cpu:  %user   %nice %system %iowait  %steal   %idle
           0.13    0.00    0.32    0.02    0.00   99.52

Device            r/s     rMB/s   rrqm/s  %rrqm r_await rareq-sz     w/s     wMB/s   wrqm/s  %wrqm w_await wareq-sz     d/s     dMB/s   drqm/s  %drqm d_await dareq-sz     f/s f_await  aqu-sz  %util
dm-0             0.00      0.00     0.00   0.00    0.00     0.00    0.00      0.00     0.00   0.00    0.00     0.00    0.00      0.00     0.00   0.00    0.00     0.00    0.00    0.00    0.00   0.00
dm-1             0.00      0.00     0.00   0.00    0.00     0.00    0.00      0.00     0.00   0.00    0.00     0.00    0.00      0.00     0.00   0.00    0.00     0.00    0.00    0.00    0.00   0.00
dm-2             0.00      0.00     0.00   0.00    0.00     0.00    2.00      0.00     0.00   0.00   35.50     2.00    0.00      0.00     0.00   0.00    0.00     0.00    0.00    0.00    0.07   5.10
md0              0.00      0.00     0.00   0.00    0.00     0.00    0.00      0.00     0.00   0.00    0.00     0.00    0.00      0.00     0.00   0.00    0.00     0.00    0.00    0.00    0.00   0.00
md1              0.00      0.00     0.00   0.00    0.00     0.00 42278.00   2642.38     0.00   0.00    0.03    64.00    0.00      0.00     0.00   0.00    0.00     0.00    0.00    0.00    1.19  80.70
nvme0n1          0.00      0.00     0.00   0.00    0.00     0.00 10574.00    660.94     0.00   0.00    0.03    64.01    0.00      0.00     0.00   0.00    0.00     0.00    0.00    0.00    0.29  21.80
nvme1n1          0.00      0.00     0.00   0.00    0.00     0.00 10568.00    660.50     0.00   0.00    0.03    64.00    0.00      0.00     0.00   0.00    0.00     0.00    0.00    0.00    0.29  20.80
nvme2n1          0.00      0.00     0.00   0.00    0.00     0.00 10568.00    660.50     0.00   0.00    0.03    64.00    0.00      0.00     0.00   0.00    0.00     0.00    0.00    0.00    0.29  21.60
nvme3n1          0.00      0.00     0.00   0.00    0.00     0.00 10568.00    660.50     0.00   0.00    0.03    64.00    0.00      0.00     0.00   0.00    0.00     0.00    0.00    0.00    0.29  21.90
sda              0.00      0.00     0.00   0.00    0.00     0.00    2.00      0.00     0.00   0.00   35.50     2.00    0.00      0.00     0.00   0.00    0.00     0.00    3.00   23.67    0.14   7.10
sdb              0.00      0.00     0.00   0.00    0.00     0.00    0.00      0.00     0.00   0.00    0.00     0.00    0.00      0.00     0.00   0.00    0.00     0.00    0.00    0.00    0.00   0.00
sdg              0.00      0.00     0.00   0.00    0.00     0.00    0.00      0.00     0.00   0.00    0.00     0.00    0.00      0.00     0.00   0.00    0.00     0.00    0.00    0.00    0.00   0.00

