   7       0 loop0 0 0 0 0 0 0 0 0 0 0 0 0 0 0 0 0 0
   7       1 loop1 0 0 0 0 0 0 0 0 0 0 0 0 0 0 0 0 0
   7       2 loop2 0 0 0 0 0 0 0 0 0 0 0 0 0 0 0 0 0
   7       3 loop3 0 0 0 0 0 0 0 0 0 0 0 0 0 0 0 0 0
   7       4 loop4 0 0 0 0 0 0 0 0 0 0 0 0 0 0 0 0 0
   7       5 loop5 0 0 0 0 0 0 0 0 0 0 0 0 0 0 0 0 0
   7       6 loop6 0 0 0 0 0 0 0 0 0 0 0 0 0 0 0 0 0
   7       7 loop7 0 0 0 0 0 0 0 0 0 0 0 0 0 0 0 0 0
   8       0 sda 32027 13435 1710370 697344 33166 27127 1377250 1744657 0 1043526 3402752 0 0 0 0 11858 960751
   8       1 sda1 171 2158 19362 1518 2 0 2 1 0 951 1519 0 0 0 0 0 0
   8       2 sda2 134 33 9106 2421 20 14 248 1947 0 3767 4368 0 0 0 0 0 0
   8       3 sda3 31622 11244 1677326 689734 33144 27113 1377000 1742708 0 1250530 2432443 0 0 0 0 0 0
   8      16 sdb 2090 463 25970 62710 1 0 8 41 0 14786 62792 0 0 0 0 1 40
   9       0 md0 2480 0 25194 66149 1 0 8 41 0 14646 66190 0 0 0 0 0 0
 259       0 nvme1n1 532891 25752 67391642 17446201 790492 7322 134280568 46275434 0 33314 63721636 0 0 0 0 0 0
 259       1 nvme0n1 528993 0 67150632 9126064 790314 3758 134249632 45700393 0 33073 54826458 0 0 0 0 0 0
 259       2 nvme3n1 528898 15 67152888 27609916 790798 3963 134250520 42756771 0 69198 70366688 0 0 0 0 0 0
 259       3 nvme2n1 528990 0 67150608 26544894 790431 3802 134249080 44660117 0 32455 71205012 0 0 0 0 0 0
   9       1 md1 2145245 0 268842650 80746288 3180880 0 537029800 179264706 0 95280 260010994 0 0 0 0 0 0
 252       0 dm-0 20755 0 1357354 421191 42828 0 1217448 1881480 0 2194025 2302671 0 0 0 0 0 0
 252       1 dm-1 239 0 8810 4620 2213 0 16168 64964 0 45218 69584 0 0 0 0 0 0
 252       2 dm-2 21832 0 309354 1394608 14926 0 143384 711786 0 105107 2106394 0 0 0 0 0 0
   8      32 sdc 0 0 0 0 0 0 0 0 0 0 0 0 0 0 0 0 0
   8      48 sdd 0 0 0 0 0 0 0 0 0 0 0 0 0 0 0 0 0
   8      64 sde 0 0 0 0 0 0 0 0 0 0 0 0 0 0 0 0 0
   8      80 sdf 0 0 0 0 0 0 0 0 0 0 0 0 0 0 0 0 0
  11       0 sr0 0 0 0 0 0 0 0 0 0 0 0 0 0 0 0 0 0
   8      96 sdg 476 12 12632 502 2 0 2 2 0 373 505 0 0 0 0 0 0
   8      97 sdg1 88 0 6520 166 0 0 0 0 0 146 166 0 0 0 0 0 0
   8      98 sdg2 310 12 3448 264 2 0 2 2 0 248 267 0 0 0 0 0 0
  11       1 sr1 0 0 0 0 0 0 0 0 0 0 0 0 0 0 0 0 0
  11       2 sr2 0 0 0 0 0 0 0 0 0 0 0 0 0 0 0 0 0
  11       3 sr3 0 0 0 0 0 0 0 0 0 0 0 0 0 0 0 0 0
