   7       0 loop0 0 0 0 0 0 0 0 0 0 0 0 0 0 0 0 0 0
   7       1 loop1 0 0 0 0 0 0 0 0 0 0 0 0 0 0 0 0 0
   7       2 loop2 0 0 0 0 0 0 0 0 0 0 0 0 0 0 0 0 0
   7       3 loop3 0 0 0 0 0 0 0 0 0 0 0 0 0 0 0 0 0
   7       4 loop4 0 0 0 0 0 0 0 0 0 0 0 0 0 0 0 0 0
   7       5 loop5 0 0 0 0 0 0 0 0 0 0 0 0 0 0 0 0 0
   7       6 loop6 0 0 0 0 0 0 0 0 0 0 0 0 0 0 0 0 0
   7       7 loop7 0 0 0 0 0 0 0 0 0 0 0 0 0 0 0 0 0
   8       0 sda 32028 13435 1710378 697378 34146 27798 1399082 1820323 0 1091451 3527516 0 0 0 0 12362 1009814
   8       1 sda1 171 2158 19362 1518 2 0 2 1 0 951 1519 0 0 0 0 0 0
   8       2 sda2 134 33 9106 2421 20 14 248 1947 0 3767 4368 0 0 0 0 0 0
   8       3 sda3 31623 11244 1677334 689769 34124 27784 1398832 1818375 0 1301524 2508144 0 0 0 0 0 0
   8      16 sdb 2090 463 25970 62710 1 0 8 41 0 14786 62792 0 0 0 0 1 40
   9       0 md0 2480 0 25194 66149 1 0 8 41 0 14646 66190 0 0 0 0 0 0
 259       0 nvme1n1 926107 25752 117723290 17462884 987330 9160 184628384 46304239 0 46175 63767123 0 0 0 0 0 0
 259       1 nvme0n1 922209 0 117482280 9142958 987009 4078 184584184 45728548 0 46054 54871507 0 0 0 0 0 0
 259       2 nvme3n1 922114 15 117484536 27626860 987475 4351 184585280 42810034 0 107297 70436894 0 0 0 0 0 0
 259       3 nvme2n1 922206 0 117482256 26561569 987100 4115 184583272 44688285 0 45509 71249854 0 0 0 0 0 0
   9       1 md1 3718109 0 470169242 80813768 3970618 0 738381120 179405016 0 145089 260218784 0 0 0 0 0 0
 252       0 dm-0 20755 0 1357354 421191 43216 0 1220824 1896023 0 2200463 2317214 0 0 0 0 0 0
 252       1 dm-1 239 0 8810 4620 2224 0 16248 65017 0 45270 69637 0 0 0 0 0 0
 252       2 dm-2 21833 0 309362 1394643 16178 0 161760 785811 0 151581 2180454 0 0 0 0 0 0
   8      32 sdc 0 0 0 0 0 0 0 0 0 0 0 0 0 0 0 0 0
   8      48 sdd 0 0 0 0 0 0 0 0 0 0 0 0 0 0 0 0 0
   8      64 sde 0 0 0 0 0 0 0 0 0 0 0 0 0 0 0 0 0
   8      80 sdf 0 0 0 0 0 0 0 0 0 0 0 0 0 0 0 0 0
  11       0 sr0 0 0 0 0 0 0 0 0 0 0 0 0 0 0 0 0 0
   8      96 sdg 476 12 12632 502 2 0 2 2 0 373 505 0 0 0 0 0 0
   8      97 sdg1 88 0 6520 166 0 0 0 0 0 146 166 0 0 0 0 0 0
   8      98 sdg2 310 12 3448 264 2 0 2 2 0 248 267 0 0 0 0 0 0
  11       1 sr1 0 0 0 0 0 0 0 0 0 0 0 0 0 0 0 0 0
  11       2 sr2 0 0 0 0 0 0 0 0 0 0 0 0 0 0 0 0 0
  11       3 sr3 0 0 0 0 0 0 0 0 0 0 0 0 0 0 0 0 0
