   7       0 loop0 0 0 0 0 0 0 0 0 0 0 0 0 0 0 0 0 0
   7       1 loop1 0 0 0 0 0 0 0 0 0 0 0 0 0 0 0 0 0
   7       2 loop2 0 0 0 0 0 0 0 0 0 0 0 0 0 0 0 0 0
   7       3 loop3 0 0 0 0 0 0 0 0 0 0 0 0 0 0 0 0 0
   7       4 loop4 0 0 0 0 0 0 0 0 0 0 0 0 0 0 0 0 0
   7       5 loop5 0 0 0 0 0 0 0 0 0 0 0 0 0 0 0 0 0
   7       6 loop6 0 0 0 0 0 0 0 0 0 0 0 0 0 0 0 0 0
   7       7 loop7 0 0 0 0 0 0 0 0 0 0 0 0 0 0 0 0 0
   8       0 sda 32028 13435 1710378 697378 34078 27716 1395946 1815511 0 1086741 3518012 0 0 0 0 12326 1005121
   8       1 sda1 171 2158 19362 1518 2 0 2 1 0 951 1519 0 0 0 0 0 0
   8       2 sda2 134 33 9106 2421 20 14 248 1947 0 3767 4368 0 0 0 0 0 0
   8       3 sda3 31623 11244 1677334 689769 34056 27702 1395696 1813563 0 1296813 2503332 0 0 0 0 0 0
   8      16 sdb 2090 463 25970 62710 1 0 8 41 0 14786 62792 0 0 0 0 1 40
   9       0 md0 2480 0 25194 66149 1 0 8 41 0 14646 66190 0 0 0 0 0 0
 259       0 nvme1n1 795035 25752 100946074 17456957 921728 8547 167845872 46294780 0 41884 63751737 0 0 0 0 0 0
 259       1 nvme0n1 791137 0 100705064 9137360 921433 3914 167805472 45719438 0 41822 54856798 0 0 0 0 0 0
 259       2 nvme3n1 791042 15 100707320 27621239 921913 4216 167807008 42792931 0 95166 70414170 0 0 0 0 0 0
 259       3 nvme2n1 791134 0 100705040 26555689 921541 3989 167805032 44679019 0 41047 71234708 0 0 0 0 0 0
   9       1 md1 3193821 0 403060378 80790578 3707281 0 671263384 179359462 0 129245 260150040 0 0 0 0 0 0
 252       0 dm-0 20755 0 1357354 421191 43202 0 1220728 1895903 0 2200346 2317094 0 0 0 0 0 0
 252       1 dm-1 239 0 8810 4620 2224 0 16248 65017 0 45270 69637 0 0 0 0 0 0
 252       2 dm-2 21833 0 309362 1394643 16042 0 158720 780948 0 146987 2175591 0 0 0 0 0 0
   8      32 sdc 0 0 0 0 0 0 0 0 0 0 0 0 0 0 0 0 0
   8      48 sdd 0 0 0 0 0 0 0 0 0 0 0 0 0 0 0 0 0
   8      64 sde 0 0 0 0 0 0 0 0 0 0 0 0 0 0 0 0 0
   8      80 sdf 0 0 0 0 0 0 0 0 0 0 0 0 0 0 0 0 0
  11       0 sr0 0 0 0 0 0 0 0 0 0 0 0 0 0 0 0 0 0
   8      96 sdg 476 12 12632 502 2 0 2 2 0 373 505 0 0 0 0 0 0
   8      97 sdg1 88 0 6520 166 0 0 0 0 0 146 166 0 0 0 0 0 0
   8      98 sdg2 310 12 3448 264 2 0 2 2 0 248 267 0 0 0 0 0 0
  11       1 sr1 0 0 0 0 0 0 0 0 0 0 0 0 0 0 0 0 0
  11       2 sr2 0 0 0 0 0 0 0 0 0 0 0 0 0 0 0 0 0
  11       3 sr3 0 0 0 0 0 0 0 0 0 0 0 0 0 0 0 0 0
