   7       0 loop0 0 0 0 0 0 0 0 0 0 0 0 0 0 0 0 0 0
   7       1 loop1 0 0 0 0 0 0 0 0 0 0 0 0 0 0 0 0 0
   7       2 loop2 0 0 0 0 0 0 0 0 0 0 0 0 0 0 0 0 0
   7       3 loop3 0 0 0 0 0 0 0 0 0 0 0 0 0 0 0 0 0
   7       4 loop4 0 0 0 0 0 0 0 0 0 0 0 0 0 0 0 0 0
   7       5 loop5 0 0 0 0 0 0 0 0 0 0 0 0 0 0 0 0 0
   7       6 loop6 0 0 0 0 0 0 0 0 0 0 0 0 0 0 0 0 0
   7       7 loop7 0 0 0 0 0 0 0 0 0 0 0 0 0 0 0 0 0
   8       0 sda 32028 13435 1710378 697378 34364 28105 1410538 1838217 0 1100383 3555561 0 0 0 0 12430 1019965
   8       1 sda1 171 2158 19362 1518 2 0 2 1 0 951 1519 0 0 0 0 0 0
   8       2 sda2 134 33 9106 2421 20 14 248 1947 0 3767 4368 0 0 0 0 0 0
   8       3 sda3 31623 11244 1677334 689769 34342 28091 1410288 1836268 0 1311740 2526038 0 0 0 0 0 0
   8      16 sdb 2090 463 25970 62710 1 0 8 41 0 14786 62792 0 0 0 0 1 40
   9       0 md0 2480 0 25194 66149 1 0 8 41 0 14646 66190 0 0 0 0 0 0
 259       0 nvme1n1 1057179 25752 134500506 17468902 1446336 11917 251761120 46324691 0 58507 63793594 0 0 0 0 0 0
 259       1 nvme0n1 1053281 0 134259496 9148655 1445806 4595 251697312 45748591 0 58862 54897246 0 0 0 0 0 0
 259       2 nvme3n1 1053186 15 134261752 27632628 1446292 4975 251699288 42834583 0 124621 70467212 0 0 0 0 0 0
 259       3 nvme2n1 1053278 0 134259472 26567575 1445920 4719 251697256 44708298 0 57907 71275873 0 0 0 0 0 0
   9       1 md1 4242397 0 537278106 80837373 5810560 0 1006854976 179494290 0 189181 260331663 0 0 0 0 0 0
 252       0 dm-0 20755 0 1357354 421191 43238 0 1220968 1896791 0 2201014 2317982 0 0 0 0 0 0
 252       1 dm-1 239 0 8810 4620 2224 0 16248 65017 0 45270 69637 0 0 0 0 0 0
 252       2 dm-2 21833 0 309362 1394643 16681 0 173072 806335 0 161607 2200978 0 0 0 0 0 0
   8      32 sdc 0 0 0 0 0 0 0 0 0 0 0 0 0 0 0 0 0
   8      48 sdd 0 0 0 0 0 0 0 0 0 0 0 0 0 0 0 0 0
   8      64 sde 0 0 0 0 0 0 0 0 0 0 0 0 0 0 0 0 0
   8      80 sdf 0 0 0 0 0 0 0 0 0 0 0 0 0 0 0 0 0
  11       0 sr0 0 0 0 0 0 0 0 0 0 0 0 0 0 0 0 0 0
   8      96 sdg 476 12 12632 502 2 0 2 2 0 373 505 0 0 0 0 0 0
   8      97 sdg1 88 0 6520 166 0 0 0 0 0 146 166 0 0 0 0 0 0
   8      98 sdg2 310 12 3448 264 2 0 2 2 0 248 267 0 0 0 0 0 0
  11       1 sr1 0 0 0 0 0 0 0 0 0 0 0 0 0 0 0 0 0
  11       2 sr2 0 0 0 0 0 0 0 0 0 0 0 0 0 0 0 0 0
  11       3 sr3 0 0 0 0 0 0 0 0 0 0 0 0 0 0 0 0 0
