Linux 6.8.0-85-generic (raven4) 	10/24/2025 	_x86_64_	(256 CPU)

avg-cpu:  %user   %nice %system %iowait  %steal   %idle
           0.02    0.00    0.01    0.01    0.00   99.96

Device            r/s     rMB/s   rrqm/s  %rrqm r_await rareq-sz     w/s     wMB/s   wrqm/s  %wrqm w_await wareq-sz     d/s     dMB/s   drqm/s  %drqm d_await dareq-sz     f/s f_await  aqu-sz  %util
dm-0             0.23      0.01     0.00   0.00   20.29    32.70    0.48      0.01     0.00   0.00   43.87    14.12    0.00      0.00     0.00   0.00    0.00     0.00    0.00    0.00    0.03   2.45
dm-1             0.00      0.00     0.00   0.00   19.33    18.43    0.02      0.00     0.00   0.00   29.23     3.65    0.00      0.00     0.00   0.00    0.00     0.00    0.00    0.00    0.00   0.05
dm-2             0.24      0.00     0.00   0.00   63.88     7.08    0.19      0.00     0.00   0.00   48.34     5.19    0.00      0.00     0.00   0.00    0.00     0.00    0.00    0.00    0.02   0.18
md0              0.03      0.00     0.00   0.00   26.67     5.08    0.00      0.00     0.00   0.00   41.00     4.00    0.00      0.00     0.00   0.00    0.00     0.00    0.00    0.00    0.00   0.02
md1             47.32      2.93     0.00   0.00   19.05    63.32   64.81      5.48     0.00   0.00   30.89    86.64    0.00      0.00     0.00   0.00    0.00     0.00    0.00    0.00    2.90   0.21
nvme0n1         11.75      0.73     0.00   0.00    8.69    63.73   16.13      1.37     0.05   0.32   31.64    87.04    0.00      0.00     0.00   0.00    0.00     0.00    0.00    0.00    0.61   0.07
nvme1n1         11.79      0.73     0.29   2.38   16.52    63.61   16.13      1.37     0.13   0.82   32.03    87.03    0.00      0.00     0.00   0.00    0.00     0.00    0.00    0.00    0.71   0.07
nvme2n1         11.75      0.73     0.00   0.00   25.22    63.73   16.13      1.37     0.05   0.33   30.92    87.04    0.00      0.00     0.00   0.00    0.00     0.00    0.00    0.00    0.79   0.06
nvme3n1         11.75      0.73     0.00   0.00   26.24    63.74   16.13      1.37     0.06   0.34   29.62    87.02    0.00      0.00     0.00   0.00    0.00     0.00    0.00    0.00    0.79   0.14
sda              0.36      0.01     0.15  29.55   21.77    26.70    0.38      0.01     0.31  44.99   53.49    20.52    0.00      0.00     0.00   0.00    0.00     0.00    0.14   82.06    0.04   1.23
sdb              0.02      0.00     0.01  18.14   30.00     6.21    0.00      0.00     0.00   0.00   41.00     4.00    0.00      0.00     0.00   0.00    0.00     0.00    0.00   40.00    0.00   0.02
sdg              0.01      0.00     0.00   2.46    1.05    13.27    0.00      0.00     0.00   0.00    1.00     0.50    0.00      0.00     0.00   0.00    0.00     0.00    0.00    0.00    0.00   0.00


avg-cpu:  %user   %nice %system %iowait  %steal   %idle
          51.88    0.00    0.10    0.00    0.00   48.02

Device            r/s     rMB/s   rrqm/s  %rrqm r_await rareq-sz     w/s     wMB/s   wrqm/s  %wrqm w_await wareq-sz     d/s     dMB/s   drqm/s  %drqm d_await dareq-sz     f/s f_await  aqu-sz  %util
dm-0             0.00      0.00     0.00   0.00    0.00     0.00    0.00      0.00     0.00   0.00    0.00     0.00    0.00      0.00     0.00   0.00    0.00     0.00    0.00    0.00    0.00   0.00
dm-1             0.00      0.00     0.00   0.00    0.00     0.00    0.00      0.00     0.00   0.00    0.00     0.00    0.00      0.00     0.00   0.00    0.00     0.00    0.00    0.00    0.00   0.00
dm-2             0.00      0.00     0.00   0.00    0.00     0.00    0.00      0.00     0.00   0.00    0.00     0.00    0.00      0.00     0.00   0.00    0.00     0.00    0.00    0.00    0.00   0.00
md0              0.00      0.00     0.00   0.00    0.00     0.00    0.00      0.00     0.00   0.00    0.00     0.00    0.00      0.00     0.00   0.00    0.00     0.00    0.00    0.00    0.00   0.00
md1              0.00      0.00     0.00   0.00    0.00     0.00  275.00      1.07     0.00   0.00    0.00     4.00    0.00      0.00     0.00   0.00    0.00     0.00    0.00    0.00    0.00   0.10
nvme0n1          0.00      0.00     0.00   0.00    0.00     0.00    4.00      0.50   124.00  96.88    0.00   128.00    0.00      0.00     0.00   0.00    0.00     0.00    0.00    0.00    0.00   0.00
nvme1n1          0.00      0.00     0.00   0.00    0.00     0.00    1.00      0.04     9.00  90.00    1.00    40.00    0.00      0.00     0.00   0.00    0.00     0.00    0.00    0.00    0.00   0.10
nvme2n1          0.00      0.00     0.00   0.00    0.00     0.00    4.00      0.50   124.00  96.88    0.00   128.00    0.00      0.00     0.00   0.00    0.00     0.00    0.00    0.00    0.00   0.00
nvme3n1          0.00      0.00     0.00   0.00    0.00     0.00    2.00      0.04     7.00  77.78    0.00    18.00    0.00      0.00     0.00   0.00    0.00     0.00    0.00    0.00    0.00   0.00
sda              0.00      0.00     0.00   0.00    0.00     0.00    0.00      0.00     0.00   0.00    0.00     0.00    0.00      0.00     0.00   0.00    0.00     0.00    0.00    0.00    0.00   0.00
sdb              0.00      0.00     0.00   0.00    0.00     0.00    0.00      0.00     0.00   0.00    0.00     0.00    0.00      0.00     0.00   0.00    0.00     0.00    0.00    0.00    0.00   0.00
sdg              0.00      0.00     0.00   0.00    0.00     0.00    0.00      0.00     0.00   0.00    0.00     0.00    0.00      0.00     0.00   0.00    0.00     0.00    0.00    0.00    0.00   0.00


avg-cpu:  %user   %nice %system %iowait  %steal   %idle
           0.19    0.00    0.40    0.00    0.00   99.41

Device            r/s     rMB/s   rrqm/s  %rrqm r_await rareq-sz     w/s     wMB/s   wrqm/s  %wrqm w_await wareq-sz     d/s     dMB/s   drqm/s  %drqm d_await dareq-sz     f/s f_await  aqu-sz  %util
dm-0             0.00      0.00     0.00   0.00    0.00     0.00    0.00      0.00     0.00   0.00    0.00     0.00    0.00      0.00     0.00   0.00    0.00     0.00    0.00    0.00    0.00   0.00
dm-1             0.00      0.00     0.00   0.00    0.00     0.00    0.00      0.00     0.00   0.00    0.00     0.00    0.00      0.00     0.00   0.00    0.00     0.00    0.00    0.00    0.00   0.00
dm-2             0.00      0.00     0.00   0.00    0.00     0.00   24.00      0.09     0.00   0.00    1.00     4.00    0.00      0.00     0.00   0.00    0.00     0.00    0.00    0.00    0.02   0.30
md0              0.00      0.00     0.00   0.00    0.00     0.00    0.00      0.00     0.00   0.00    0.00     0.00    0.00      0.00     0.00   0.00    0.00     0.00    0.00    0.00    0.00   0.00
md1              0.00      0.00     0.00   0.00    0.00     0.00 37496.00   2343.50     0.00   0.00    0.03    64.00    0.00      0.00     0.00   0.00    0.00     0.00    0.00    0.00    1.07  73.80
nvme0n1          0.00      0.00     0.00   0.00    0.00     0.00 9367.00    585.44     0.00   0.00    0.03    64.00    0.00      0.00     0.00   0.00    0.00     0.00    0.00    0.00    0.26  22.50
nvme1n1          0.00      0.00     0.00   0.00    0.00     0.00 9376.00    586.00     0.00   0.00    0.03    64.00    0.00      0.00     0.00   0.00    0.00     0.00    0.00    0.00    0.27  19.70
nvme2n1          0.00      0.00     0.00   0.00    0.00     0.00 9368.00    585.50     0.00   0.00    0.03    64.00    0.00      0.00     0.00   0.00    0.00     0.00    0.00    0.00    0.27  18.80
nvme3n1          0.00      0.00     0.00   0.00    0.00     0.00 9360.00    585.00     0.00   0.00    0.03    64.00    0.00      0.00     0.00   0.00    0.00     0.00    0.00    0.00    0.27  22.00
sda              0.00      0.00     0.00   0.00    0.00     0.00    1.00      0.09    23.00  95.83    1.00    96.00    0.00      0.00     0.00   0.00    0.00     0.00    0.00    0.00    0.00   0.10
sdb              0.00      0.00     0.00   0.00    0.00     0.00    0.00      0.00     0.00   0.00    0.00     0.00    0.00      0.00     0.00   0.00    0.00     0.00    0.00    0.00    0.00   0.00
sdg              0.00      0.00     0.00   0.00    0.00     0.00    0.00      0.00     0.00   0.00    0.00     0.00    0.00      0.00     0.00   0.00    0.00     0.00    0.00    0.00    0.00   0.00


avg-cpu:  %user   %nice %system %iowait  %steal   %idle
           0.15    0.00    0.30    0.25    0.00   99.30

Device            r/s     rMB/s   rrqm/s  %rrqm r_await rareq-sz     w/s     wMB/s   wrqm/s  %wrqm w_await wareq-sz     d/s     dMB/s   drqm/s  %drqm d_await dareq-sz     f/s f_await  aqu-sz  %util
dm-0             0.00      0.00     0.00   0.00    0.00     0.00    0.00      0.00     0.00   0.00    0.00     0.00    0.00      0.00     0.00   0.00    0.00     0.00    0.00    0.00    0.00   0.00
dm-1             0.00      0.00     0.00   0.00    0.00     0.00    0.00      0.00     0.00   0.00    0.00     0.00    0.00      0.00     0.00   0.00    0.00     0.00    0.00    0.00    0.00   0.00
dm-2             0.00      0.00     0.00   0.00    0.00     0.00    2.00      0.00     0.00   0.00  318.50     2.00    0.00      0.00     0.00   0.00    0.00     0.00    0.00    0.00    0.64  63.50
md0              0.00      0.00     0.00   0.00    0.00     0.00    0.00      0.00     0.00   0.00    0.00     0.00    0.00      0.00     0.00   0.00    0.00     0.00    0.00    0.00    0.00   0.00
md1              0.00      0.00     0.00   0.00    0.00     0.00 40488.00   2530.50     0.00   0.00    0.03    64.00    0.00      0.00     0.00   0.00    0.00     0.00    0.00    0.00    1.18  83.30
nvme0n1          0.00      0.00     0.00   0.00    0.00     0.00 10121.00    632.56     0.00   0.00    0.03    64.00    0.00      0.00     0.00   0.00    0.00     0.00    0.00    0.00    0.29  22.60
nvme1n1          0.00      0.00     0.00   0.00    0.00     0.00 10120.00    632.50     0.00   0.00    0.03    64.00    0.00      0.00     0.00   0.00    0.00     0.00    0.00    0.00    0.29  20.50
nvme2n1          0.00      0.00     0.00   0.00    0.00     0.00 10120.00    632.50     0.00   0.00    0.03    64.00    0.00      0.00     0.00   0.00    0.00     0.00    0.00    0.00    0.29  20.20
nvme3n1          0.00      0.00     0.00   0.00    0.00     0.00 10128.00    633.00     0.00   0.00    0.03    64.00    0.00      0.00     0.00   0.00    0.00     0.00    0.00    0.00    0.29  23.30
sda              0.00      0.00     0.00   0.00    0.00     0.00    2.00      0.00     0.00   0.00  318.50     2.00    0.00      0.00     0.00   0.00    0.00     0.00    3.00  212.33    1.27  63.70
sdb              0.00      0.00     0.00   0.00    0.00     0.00    0.00      0.00     0.00   0.00    0.00     0.00    0.00      0.00     0.00   0.00    0.00     0.00    0.00    0.00    0.00   0.00
sdg              0.00      0.00     0.00   0.00    0.00     0.00    0.00      0.00     0.00   0.00    0.00     0.00    0.00      0.00     0.00   0.00    0.00     0.00    0.00    0.00    0.00   0.00


avg-cpu:  %user   %nice %system %iowait  %steal   %idle
           0.15    0.00    0.30    0.00    0.00   99.55

Device            r/s     rMB/s   rrqm/s  %rrqm r_await rareq-sz     w/s     wMB/s   wrqm/s  %wrqm w_await wareq-sz     d/s     dMB/s   drqm/s  %drqm d_await dareq-sz     f/s f_await  aqu-sz  %util
dm-0             0.00      0.00     0.00   0.00    0.00     0.00    0.00      0.00     0.00   0.00    0.00     0.00    0.00      0.00     0.00   0.00    0.00     0.00    0.00    0.00    0.00   0.00
dm-1             0.00      0.00     0.00   0.00    0.00     0.00    0.00      0.00     0.00   0.00    0.00     0.00    0.00      0.00     0.00   0.00    0.00     0.00    0.00    0.00    0.00   0.00
dm-2             0.00      0.00     0.00   0.00    0.00     0.00   40.00      0.48     0.00   0.00    2.42    12.20    0.00      0.00     0.00   0.00    0.00     0.00    0.00    0.00    0.10   0.50
md0              0.00      0.00     0.00   0.00    0.00     0.00    0.00      0.00     0.00   0.00    0.00     0.00    0.00      0.00     0.00   0.00    0.00     0.00    0.00    0.00    0.00   0.00
md1              0.00      0.00     0.00   0.00    0.00     0.00 40892.00   2555.75     0.00   0.00    0.03    64.00    0.00      0.00     0.00   0.00    0.00     0.00    0.00    0.00    1.18  79.40
nvme0n1          0.00      0.00     0.00   0.00    0.00     0.00 10224.00    639.00     0.00   0.00    0.03    64.00    0.00      0.00     0.00   0.00    0.00     0.00    0.00    0.00    0.29  22.80
nvme1n1          0.00      0.00     0.00   0.00    0.00     0.00 10224.00    639.00     0.00   0.00    0.03    64.00    0.00      0.00     0.00   0.00    0.00     0.00    0.00    0.00    0.29  20.20
nvme2n1          0.00      0.00     0.00   0.00    0.00     0.00 10224.00    639.00     0.00   0.00    0.03    64.00    0.00      0.00     0.00   0.00    0.00     0.00    0.00    0.00    0.29  20.60
nvme3n1          0.00      0.00     0.00   0.00    0.00     0.00 10216.00    638.50     0.00   0.00    0.03    64.00    0.00      0.00     0.00   0.00    0.00     0.00    0.00    0.00    0.29  23.10
sda              0.00      0.00     0.00   0.00    0.00     0.00   20.00      0.48    20.00  50.00    2.50    24.40    0.00      0.00     0.00   0.00    0.00     0.00    0.00    0.00    0.05   0.50
sdb              0.00      0.00     0.00   0.00    0.00     0.00    0.00      0.00     0.00   0.00    0.00     0.00    0.00      0.00     0.00   0.00    0.00     0.00    0.00    0.00    0.00   0.00
sdg              0.00      0.00     0.00   0.00    0.00     0.00    0.00      0.00     0.00   0.00    0.00     0.00    0.00      0.00     0.00   0.00    0.00     0.00    0.00    0.00    0.00   0.00


avg-cpu:  %user   %nice %system %iowait  %steal   %idle
           0.14    0.00    0.31    0.00    0.00   99.55

Device            r/s     rMB/s   rrqm/s  %rrqm r_await rareq-sz     w/s     wMB/s   wrqm/s  %wrqm w_await wareq-sz     d/s     dMB/s   drqm/s  %drqm d_await dareq-sz     f/s f_await  aqu-sz  %util
dm-0             0.00      0.00     0.00   0.00    0.00     0.00    0.00      0.00     0.00   0.00    0.00     0.00    0.00      0.00     0.00   0.00    0.00     0.00    0.00    0.00    0.00   0.00
dm-1             0.00      0.00     0.00   0.00    0.00     0.00    0.00      0.00     0.00   0.00    0.00     0.00    0.00      0.00     0.00   0.00    0.00     0.00    0.00    0.00    0.00   0.00
dm-2             0.00      0.00     0.00   0.00    0.00     0.00    0.00      0.00     0.00   0.00    0.00     0.00    0.00      0.00     0.00   0.00    0.00     0.00    0.00    0.00    0.00   0.00
md0              0.00      0.00     0.00   0.00    0.00     0.00    0.00      0.00     0.00   0.00    0.00     0.00    0.00      0.00     0.00   0.00    0.00     0.00    0.00    0.00    0.00   0.00
md1              0.00      0.00     0.00   0.00    0.00     0.00 40575.00   2535.94     0.00   0.00    0.03    64.00    0.00      0.00     0.00   0.00    0.00     0.00    0.00    0.00    1.17  81.80
nvme0n1          0.00      0.00     0.00   0.00    0.00     0.00 10140.00    633.81     0.00   0.00    0.03    64.01    0.00      0.00     0.00   0.00    0.00     0.00    0.00    0.00    0.29  22.20
nvme1n1          0.00      0.00     0.00   0.00    0.00     0.00 10144.00    634.00     0.00   0.00    0.03    64.00    0.00      0.00     0.00   0.00    0.00     0.00    0.00    0.00    0.29  22.10
nvme2n1          0.00      0.00     0.00   0.00    0.00     0.00 10144.00    634.00     0.00   0.00    0.03    64.00    0.00      0.00     0.00   0.00    0.00     0.00    0.00    0.00    0.29  21.60
nvme3n1          0.00      0.00     0.00   0.00    0.00     0.00 10144.00    634.00     0.00   0.00    0.03    64.00    0.00      0.00     0.00   0.00    0.00     0.00    0.00    0.00    0.29  21.80
sda              0.00      0.00     0.00   0.00    0.00     0.00    0.00      0.00     0.00   0.00    0.00     0.00    0.00      0.00     0.00   0.00    0.00     0.00    0.00    0.00    0.00   0.00
sdb              0.00      0.00     0.00   0.00    0.00     0.00    0.00      0.00     0.00   0.00    0.00     0.00    0.00      0.00     0.00   0.00    0.00     0.00    0.00    0.00    0.00   0.00
sdg              0.00      0.00     0.00   0.00    0.00     0.00    0.00      0.00     0.00   0.00    0.00     0.00    0.00      0.00     0.00   0.00    0.00     0.00    0.00    0.00    0.00   0.00


avg-cpu:  %user   %nice %system %iowait  %steal   %idle
           0.14    0.00    0.31    0.00    0.00   99.55

Device            r/s     rMB/s   rrqm/s  %rrqm r_await rareq-sz     w/s     wMB/s   wrqm/s  %wrqm w_await wareq-sz     d/s     dMB/s   drqm/s  %drqm d_await dareq-sz     f/s f_await  aqu-sz  %util
dm-0             0.00      0.00     0.00   0.00    0.00     0.00    0.00      0.00     0.00   0.00    0.00     0.00    0.00      0.00     0.00   0.00    0.00     0.00    0.00    0.00    0.00   0.00
dm-1             0.00      0.00     0.00   0.00    0.00     0.00    0.00      0.00     0.00   0.00    0.00     0.00    0.00      0.00     0.00   0.00    0.00     0.00    0.00    0.00    0.00   0.00
dm-2             0.00      0.00     0.00   0.00    0.00     0.00    0.00      0.00     0.00   0.00    0.00     0.00    0.00      0.00     0.00   0.00    0.00     0.00    0.00    0.00    0.00   0.00
md0              0.00      0.00     0.00   0.00    0.00     0.00    0.00      0.00     0.00   0.00    0.00     0.00    0.00      0.00     0.00   0.00    0.00     0.00    0.00    0.00    0.00   0.00
md1              0.00      0.00     0.00   0.00    0.00     0.00 40506.00   2511.23     0.00   0.00    0.03    63.48    0.00      0.00     0.00   0.00    0.00     0.00    0.00    0.00    1.22  80.40
nvme0n1          0.00      0.00     0.00   0.00    0.00     0.00 10049.00    628.08    96.00   0.95    0.03    64.00    0.00      0.00     0.00   0.00    0.00     0.00    0.00    0.00    0.29  21.40
nvme1n1          0.00      0.00     0.00   0.00    0.00     0.00 10044.00    628.00   124.00   1.22    0.03    64.03    0.00      0.00     0.00   0.00    0.00     0.00    0.00    0.00    0.29  21.80
nvme2n1          0.00      0.00     0.00   0.00    0.00     0.00 10040.00    627.50     0.00   0.00    0.03    64.00    0.00      0.00     0.00   0.00    0.00     0.00    0.00    0.00    0.29  20.70
nvme3n1          0.00      0.00     0.00   0.00    0.00     0.00 10044.00    627.96   115.00   1.13    0.03    64.02    0.00      0.00     0.00   0.00    0.00     0.00    0.00    0.00    0.29  21.50
sda              0.00      0.00     0.00   0.00    0.00     0.00    0.00      0.00     0.00   0.00    0.00     0.00    0.00      0.00     0.00   0.00    0.00     0.00    0.00    0.00    0.00   0.00
sdb              0.00      0.00     0.00   0.00    0.00     0.00    0.00      0.00     0.00   0.00    0.00     0.00    0.00      0.00     0.00   0.00    0.00     0.00    0.00    0.00    0.00   0.00
sdg              0.00      0.00     0.00   0.00    0.00     0.00    0.00      0.00     0.00   0.00    0.00     0.00    0.00      0.00     0.00   0.00    0.00     0.00    0.00    0.00    0.00   0.00


avg-cpu:  %user   %nice %system %iowait  %steal   %idle
           0.14    0.00    0.31    0.00    0.00   99.56

Device            r/s     rMB/s   rrqm/s  %rrqm r_await rareq-sz     w/s     wMB/s   wrqm/s  %wrqm w_await wareq-sz     d/s     dMB/s   drqm/s  %drqm d_await dareq-sz     f/s f_await  aqu-sz  %util
dm-0             0.00      0.00     0.00   0.00    0.00     0.00    0.00      0.00     0.00   0.00    0.00     0.00    0.00      0.00     0.00   0.00    0.00     0.00    0.00    0.00    0.00   0.00
dm-1             0.00      0.00     0.00   0.00    0.00     0.00    0.00      0.00     0.00   0.00    0.00     0.00    0.00      0.00     0.00   0.00    0.00     0.00    0.00    0.00    0.00   0.00
dm-2             0.00      0.00     0.00   0.00    0.00     0.00    0.00      0.00     0.00   0.00    0.00     0.00    0.00      0.00     0.00   0.00    0.00     0.00    0.00    0.00    0.00   0.00
md0              0.00      0.00     0.00   0.00    0.00     0.00    0.00      0.00     0.00   0.00    0.00     0.00    0.00      0.00     0.00   0.00    0.00     0.00    0.00    0.00    0.00   0.00
md1              0.00      0.00     0.00   0.00    0.00     0.00 40780.00   2548.75     0.00   0.00    0.03    64.00    0.00      0.00     0.00   0.00    0.00     0.00    0.00    0.00    1.19  80.80
nvme0n1          0.00      0.00     0.00   0.00    0.00     0.00 10192.00    637.00     0.00   0.00    0.03    64.00    0.00      0.00     0.00   0.00    0.00     0.00    0.00    0.00    0.29  23.00
nvme1n1          0.00      0.00     0.00   0.00    0.00     0.00 10192.00    637.00     0.00   0.00    0.03    64.00    0.00      0.00     0.00   0.00    0.00     0.00    0.00    0.00    0.29  22.60
nvme2n1          0.00      0.00     0.00   0.00    0.00     0.00 10192.00    637.00     0.00   0.00    0.03    64.00    0.00      0.00     0.00   0.00    0.00     0.00    0.00    0.00    0.29  21.00
nvme3n1          0.00      0.00     0.00   0.00    0.00     0.00 10200.00    637.50     0.00   0.00    0.03    64.00    0.00      0.00     0.00   0.00    0.00     0.00    0.00    0.00    0.29  22.70
sda              0.00      0.00     0.00   0.00    0.00     0.00    0.00      0.00     0.00   0.00    0.00     0.00    0.00      0.00     0.00   0.00    0.00     0.00    0.00    0.00    0.00   0.00
sdb              0.00      0.00     0.00   0.00    0.00     0.00    0.00      0.00     0.00   0.00    0.00     0.00    0.00      0.00     0.00   0.00    0.00     0.00    0.00    0.00    0.00   0.00
sdg              0.00      0.00     0.00   0.00    0.00     0.00    0.00      0.00     0.00   0.00    0.00     0.00    0.00      0.00     0.00   0.00    0.00     0.00    0.00    0.00    0.00   0.00


avg-cpu:  %user   %nice %system %iowait  %steal   %idle
           0.14    0.00    0.30    0.52    0.00   99.03

Device            r/s     rMB/s   rrqm/s  %rrqm r_await rareq-sz     w/s     wMB/s   wrqm/s  %wrqm w_await wareq-sz     d/s     dMB/s   drqm/s  %drqm d_await dareq-sz     f/s f_await  aqu-sz  %util
dm-0             0.00      0.00     0.00   0.00    0.00     0.00    0.00      0.00     0.00   0.00    0.00     0.00    0.00      0.00     0.00   0.00    0.00     0.00    0.00    0.00    0.00   0.00
dm-1             0.00      0.00     0.00   0.00    0.00     0.00    0.00      0.00     0.00   0.00    0.00     0.00    0.00      0.00     0.00   0.00    0.00     0.00    0.00    0.00    0.00   0.00
dm-2             0.00      0.00     0.00   0.00    0.00     0.00   10.00      0.04     0.00   0.00  236.50     3.60    0.00      0.00     0.00   0.00    0.00     0.00    0.00    0.00    2.37  98.60
md0              0.00      0.00     0.00   0.00    0.00     0.00    0.00      0.00     0.00   0.00    0.00     0.00    0.00      0.00     0.00   0.00    0.00     0.00    0.00    0.00    0.00   0.00
md1              0.00      0.00     0.00   0.00    0.00     0.00 40892.00   2555.75     0.00   0.00    0.03    64.00    0.00      0.00     0.00   0.00    0.00     0.00    0.00    0.00    1.19  81.00
nvme0n1          0.00      0.00     0.00   0.00    0.00     0.00 10224.00    639.00     0.00   0.00    0.03    64.00    0.00      0.00     0.00   0.00    0.00     0.00    0.00    0.00    0.29  23.00
nvme1n1          0.00      0.00     0.00   0.00    0.00     0.00 10224.00    639.00     0.00   0.00    0.03    64.00    0.00      0.00     0.00   0.00    0.00     0.00    0.00    0.00    0.29  21.80
nvme2n1          0.00      0.00     0.00   0.00    0.00     0.00 10224.00    639.00     0.00   0.00    0.03    64.00    0.00      0.00     0.00   0.00    0.00     0.00    0.00    0.00    0.29  20.80
nvme3n1          0.00      0.00     0.00   0.00    0.00     0.00 10224.00    639.00     0.00   0.00    0.03    64.00    0.00      0.00     0.00   0.00    0.00     0.00    0.00    0.00    0.29  21.70
sda              0.00      0.00     0.00   0.00    0.00     0.00    3.00      0.04     7.00  70.00  328.67    12.00    0.00      0.00     0.00   0.00    0.00     0.00    3.00  262.67    1.77  98.60
sdb              0.00      0.00     0.00   0.00    0.00     0.00    0.00      0.00     0.00   0.00    0.00     0.00    0.00      0.00     0.00   0.00    0.00     0.00    0.00    0.00    0.00   0.00
sdg              0.00      0.00     0.00   0.00    0.00     0.00    0.00      0.00     0.00   0.00    0.00     0.00    0.00      0.00     0.00   0.00    0.00     0.00    0.00    0.00    0.00   0.00


avg-cpu:  %user   %nice %system %iowait  %steal   %idle
           0.14    0.00    0.31    0.00    0.00   99.55

Device            r/s     rMB/s   rrqm/s  %rrqm r_await rareq-sz     w/s     wMB/s   wrqm/s  %wrqm w_await wareq-sz     d/s     dMB/s   drqm/s  %drqm d_await dareq-sz     f/s f_await  aqu-sz  %util
dm-0             0.00      0.00     0.00   0.00    0.00     0.00    0.00      0.00     0.00   0.00    0.00     0.00    0.00      0.00     0.00   0.00    0.00     0.00    0.00    0.00    0.00   0.00
dm-1             0.00      0.00     0.00   0.00    0.00     0.00    0.00      0.00     0.00   0.00    0.00     0.00    0.00      0.00     0.00   0.00    0.00     0.00    0.00    0.00    0.00   0.00
dm-2             0.00      0.00     0.00   0.00    0.00     0.00    8.00      0.15     0.00   0.00    1.50    19.00    0.00      0.00     0.00   0.00    0.00     0.00    0.00    0.00    0.01   0.20
md0              0.00      0.00     0.00   0.00    0.00     0.00    0.00      0.00     0.00   0.00    0.00     0.00    0.00      0.00     0.00   0.00    0.00     0.00    0.00    0.00    0.00   0.00
md1              0.00      0.00     0.00   0.00    0.00     0.00 40745.00   2546.56     0.00   0.00    0.03    64.00    0.00      0.00     0.00   0.00    0.00     0.00    0.00    0.00    1.17  81.10
nvme0n1          0.00      0.00     0.00   0.00    0.00     0.00 10184.00    636.50     0.00   0.00    0.03    64.00    0.00      0.00     0.00   0.00    0.00     0.00    0.00    0.00    0.29  21.70
nvme1n1          0.00      0.00     0.00   0.00    0.00     0.00 10187.00    636.69     0.00   0.00    0.03    64.00    0.00      0.00     0.00   0.00    0.00     0.00    0.00    0.00    0.29  22.60
nvme2n1          0.00      0.00     0.00   0.00    0.00     0.00 10186.00    636.62     0.00   0.00    0.03    64.00    0.00      0.00     0.00   0.00    0.00     0.00    0.00    0.00    0.29  21.40
nvme3n1          0.00      0.00     0.00   0.00    0.00     0.00 10184.00    636.50     0.00   0.00    0.03    64.00    0.00      0.00     0.00   0.00    0.00     0.00    0.00    0.00    0.29  21.70
sda              0.00      0.00     0.00   0.00    0.00     0.00    8.00      0.15     0.00   0.00    1.62    19.00    0.00      0.00     0.00   0.00    0.00     0.00    0.00    0.00    0.01   0.20
sdb              0.00      0.00     0.00   0.00    0.00     0.00    0.00      0.00     0.00   0.00    0.00     0.00    0.00      0.00     0.00   0.00    0.00     0.00    0.00    0.00    0.00   0.00
sdg              0.00      0.00     0.00   0.00    0.00     0.00    0.00      0.00     0.00   0.00    0.00     0.00    0.00      0.00     0.00   0.00    0.00     0.00    0.00    0.00    0.00   0.00


avg-cpu:  %user   %nice %system %iowait  %steal   %idle
           0.14    0.00    0.31    0.00    0.00   99.55

Device            r/s     rMB/s   rrqm/s  %rrqm r_await rareq-sz     w/s     wMB/s   wrqm/s  %wrqm w_await wareq-sz     d/s     dMB/s   drqm/s  %drqm d_await dareq-sz     f/s f_await  aqu-sz  %util
dm-0             0.00      0.00     0.00   0.00    0.00     0.00    0.00      0.00     0.00   0.00    0.00     0.00    0.00      0.00     0.00   0.00    0.00     0.00    0.00    0.00    0.00   0.00
dm-1             0.00      0.00     0.00   0.00    0.00     0.00    0.00      0.00     0.00   0.00    0.00     0.00    0.00      0.00     0.00   0.00    0.00     0.00    0.00    0.00    0.00   0.00
dm-2             0.00      0.00     0.00   0.00    0.00     0.00    0.00      0.00     0.00   0.00    0.00     0.00    0.00      0.00     0.00   0.00    0.00     0.00    0.00    0.00    0.00   0.00
md0              0.00      0.00     0.00   0.00    0.00     0.00    0.00      0.00     0.00   0.00    0.00     0.00    0.00      0.00     0.00   0.00    0.00     0.00    0.00    0.00    0.00   0.00
md1              0.00      0.00     0.00   0.00    0.00     0.00 40886.00   2555.38     0.00   0.00    0.03    64.00    0.00      0.00     0.00   0.00    0.00     0.00    0.00    0.00    1.19  80.80
nvme0n1          0.00      0.00     0.00   0.00    0.00     0.00 10224.00    639.00     0.00   0.00    0.03    64.00    0.00      0.00     0.00   0.00    0.00     0.00    0.00    0.00    0.29  22.10
nvme1n1          0.00      0.00     0.00   0.00    0.00     0.00 10221.00    638.81     0.00   0.00    0.03    64.00    0.00      0.00     0.00   0.00    0.00     0.00    0.00    0.00    0.29  20.10
nvme2n1          0.00      0.00     0.00   0.00    0.00     0.00 10222.00    638.88     0.00   0.00    0.03    64.00    0.00      0.00     0.00   0.00    0.00     0.00    0.00    0.00    0.29  22.20
nvme3n1          0.00      0.00     0.00   0.00    0.00     0.00 10218.00    638.62     0.00   0.00    0.03    64.00    0.00      0.00     0.00   0.00    0.00     0.00    0.00    0.00    0.29  21.70
sda              0.00      0.00     0.00   0.00    0.00     0.00    0.00      0.00     0.00   0.00    0.00     0.00    0.00      0.00     0.00   0.00    0.00     0.00    0.00    0.00    0.00   0.00
sdb              0.00      0.00     0.00   0.00    0.00     0.00    0.00      0.00     0.00   0.00    0.00     0.00    0.00      0.00     0.00   0.00    0.00     0.00    0.00    0.00    0.00   0.00
sdg              0.00      0.00     0.00   0.00    0.00     0.00    0.00      0.00     0.00   0.00    0.00     0.00    0.00      0.00     0.00   0.00    0.00     0.00    0.00    0.00    0.00   0.00


avg-cpu:  %user   %nice %system %iowait  %steal   %idle
           0.15    0.00    0.30    0.00    0.00   99.55

Device            r/s     rMB/s   rrqm/s  %rrqm r_await rareq-sz     w/s     wMB/s   wrqm/s  %wrqm w_await wareq-sz     d/s     dMB/s   drqm/s  %drqm d_await dareq-sz     f/s f_await  aqu-sz  %util
dm-0             0.00      0.00     0.00   0.00    0.00     0.00    0.00      0.00     0.00   0.00    0.00     0.00    0.00      0.00     0.00   0.00    0.00     0.00    0.00    0.00    0.00   0.00
dm-1             0.00      0.00     0.00   0.00    0.00     0.00    0.00      0.00     0.00   0.00    0.00     0.00    0.00      0.00     0.00   0.00    0.00     0.00    0.00    0.00    0.00   0.00
dm-2             0.00      0.00     0.00   0.00    0.00     0.00    0.00      0.00     0.00   0.00    0.00     0.00    0.00      0.00     0.00   0.00    0.00     0.00    0.00    0.00    0.00   0.00
md0              0.00      0.00     0.00   0.00    0.00     0.00    0.00      0.00     0.00   0.00    0.00     0.00    0.00      0.00     0.00   0.00    0.00     0.00    0.00    0.00    0.00   0.00
md1              0.00      0.00     0.00   0.00    0.00     0.00 40437.00   2527.02     0.00   0.00    0.03    63.99    0.00      0.00     0.00   0.00    0.00     0.00    0.00    0.00    1.18  81.90
nvme0n1          0.00      0.00     0.00   0.00    0.00     0.00 10114.00    632.02     3.00   0.03    0.03    63.99    0.00      0.00     0.00   0.00    0.00     0.00    0.00    0.00    0.28  21.90
nvme1n1          0.00      0.00     0.00   0.00    0.00     0.00 10112.00    632.00     0.00   0.00    0.03    64.00    0.00      0.00     0.00   0.00    0.00     0.00    0.00    0.00    0.29  21.00
nvme2n1          0.00      0.00     0.00   0.00    0.00     0.00 10112.00    632.00     0.00   0.00    0.03    64.00    0.00      0.00     0.00   0.00    0.00     0.00    0.00    0.00    0.29  21.20
nvme3n1          0.00      0.00     0.00   0.00    0.00     0.00 10118.00    632.38     0.00   0.00    0.03    64.00    0.00      0.00     0.00   0.00    0.00     0.00    0.00    0.00    0.28  22.70
sda              0.00      0.00     0.00   0.00    0.00     0.00    0.00      0.00     0.00   0.00    0.00     0.00    0.00      0.00     0.00   0.00    0.00     0.00    0.00    0.00    0.00   0.00
sdb              0.00      0.00     0.00   0.00    0.00     0.00    0.00      0.00     0.00   0.00    0.00     0.00    0.00      0.00     0.00   0.00    0.00     0.00    0.00    0.00    0.00   0.00
sdg              0.00      0.00     0.00   0.00    0.00     0.00    0.00      0.00     0.00   0.00    0.00     0.00    0.00      0.00     0.00   0.00    0.00     0.00    0.00    0.00    0.00   0.00


avg-cpu:  %user   %nice %system %iowait  %steal   %idle
           0.14    0.00    0.30    0.00    0.00   99.55

Device            r/s     rMB/s   rrqm/s  %rrqm r_await rareq-sz     w/s     wMB/s   wrqm/s  %wrqm w_await wareq-sz     d/s     dMB/s   drqm/s  %drqm d_await dareq-sz     f/s f_await  aqu-sz  %util
dm-0             0.00      0.00     0.00   0.00    0.00     0.00    0.00      0.00     0.00   0.00    0.00     0.00    0.00      0.00     0.00   0.00    0.00     0.00    0.00    0.00    0.00   0.00
dm-1             0.00      0.00     0.00   0.00    0.00     0.00    0.00      0.00     0.00   0.00    0.00     0.00    0.00      0.00     0.00   0.00    0.00     0.00    0.00    0.00    0.00   0.00
dm-2             0.00      0.00     0.00   0.00    0.00     0.00    0.00      0.00     0.00   0.00    0.00     0.00    0.00      0.00     0.00   0.00    0.00     0.00    0.00    0.00    0.00   0.00
md0              0.00      0.00     0.00   0.00    0.00     0.00    0.00      0.00     0.00   0.00    0.00     0.00    0.00      0.00     0.00   0.00    0.00     0.00    0.00    0.00    0.00   0.00
md1              0.00      0.00     0.00   0.00    0.00     0.00 40786.00   2549.12     0.00   0.00    0.03    64.00    0.00      0.00     0.00   0.00    0.00     0.00    0.00    0.00    1.17  81.80
nvme0n1          0.00      0.00     0.00   0.00    0.00     0.00 10192.00    637.00     0.00   0.00    0.03    64.00    0.00      0.00     0.00   0.00    0.00     0.00    0.00    0.00    0.29  21.10
nvme1n1          0.00      0.00     0.00   0.00    0.00     0.00 10192.00    637.00     0.00   0.00    0.03    64.00    0.00      0.00     0.00   0.00    0.00     0.00    0.00    0.00    0.29  21.80
nvme2n1          0.00      0.00     0.00   0.00    0.00     0.00 10192.00    637.00     0.00   0.00    0.03    64.00    0.00      0.00     0.00   0.00    0.00     0.00    0.00    0.00    0.29  21.40
nvme3n1          0.00      0.00     0.00   0.00    0.00     0.00 10192.00    637.00     0.00   0.00    0.03    64.00    0.00      0.00     0.00   0.00    0.00     0.00    0.00    0.00    0.29  22.20
sda              0.00      0.00     0.00   0.00    0.00     0.00    0.00      0.00     0.00   0.00    0.00     0.00    0.00      0.00     0.00   0.00    0.00     0.00    0.00    0.00    0.00   0.00
sdb              0.00      0.00     0.00   0.00    0.00     0.00    0.00      0.00     0.00   0.00    0.00     0.00    0.00      0.00     0.00   0.00    0.00     0.00    0.00    0.00    0.00   0.00
sdg              0.00      0.00     0.00   0.00    0.00     0.00    0.00      0.00     0.00   0.00    0.00     0.00    0.00      0.00     0.00   0.00    0.00     0.00    0.00    0.00    0.00   0.00


avg-cpu:  %user   %nice %system %iowait  %steal   %idle
           0.22    0.00    0.38    0.24    0.00   99.15

Device            r/s     rMB/s   rrqm/s  %rrqm r_await rareq-sz     w/s     wMB/s   wrqm/s  %wrqm w_await wareq-sz     d/s     dMB/s   drqm/s  %drqm d_await dareq-sz     f/s f_await  aqu-sz  %util
dm-0             0.00      0.00     0.00   0.00    0.00     0.00    0.00      0.00     0.00   0.00    0.00     0.00    0.00      0.00     0.00   0.00    0.00     0.00    0.00    0.00    0.00   0.00
dm-1             0.00      0.00     0.00   0.00    0.00     0.00    0.00      0.00     0.00   0.00    0.00     0.00    0.00      0.00     0.00   0.00    0.00     0.00    0.00    0.00    0.00   0.00
dm-2             0.00      0.00     0.00   0.00    0.00     0.00   11.00      0.04     0.00   0.00   56.09     3.64    0.00      0.00     0.00   0.00    0.00     0.00    0.00    0.00    0.62  60.90
md0              0.00      0.00     0.00   0.00    0.00     0.00    0.00      0.00     0.00   0.00    0.00     0.00    0.00      0.00     0.00   0.00    0.00     0.00    0.00    0.00    0.00   0.00
md1              0.00      0.00     0.00   0.00    0.00     0.00 41076.00   2567.25     0.00   0.00    0.03    64.00    0.00      0.00     0.00   0.00    0.00     0.00    0.00    0.00    1.16  79.10
nvme0n1          0.00      0.00     0.00   0.00    0.00     0.00 10272.00    642.00     0.00   0.00    0.03    64.00    0.00      0.00     0.00   0.00    0.00     0.00    0.00    0.00    0.29  22.00
nvme1n1          0.00      0.00     0.00   0.00    0.00     0.00 10272.00    642.00     0.00   0.00    0.03    64.00    0.00      0.00     0.00   0.00    0.00     0.00    0.00    0.00    0.29  20.40
nvme2n1          0.00      0.00     0.00   0.00    0.00     0.00 10272.00    642.00     0.00   0.00    0.03    64.00    0.00      0.00     0.00   0.00    0.00     0.00    0.00    0.00    0.29  21.10
nvme3n1          0.00      0.00     0.00   0.00    0.00     0.00 10272.00    642.00     0.00   0.00    0.03    64.00    0.00      0.00     0.00   0.00    0.00     0.00    0.00    0.00    0.29  22.90
sda              0.00      0.00     0.00   0.00    0.00     0.00    3.00      0.04     8.00  72.73  203.33    13.33    0.00      0.00     0.00   0.00    0.00     0.00    3.00  203.00    1.22  60.90
sdb              0.00      0.00     0.00   0.00    0.00     0.00    0.00      0.00     0.00   0.00    0.00     0.00    0.00      0.00     0.00   0.00    0.00     0.00    0.00    0.00    0.00   0.00
sdg              0.00      0.00     0.00   0.00    0.00     0.00    0.00      0.00     0.00   0.00    0.00     0.00    0.00      0.00     0.00   0.00    0.00     0.00    0.00    0.00    0.00   0.00


avg-cpu:  %user   %nice %system %iowait  %steal   %idle
           0.16    0.00    0.36    0.00    0.00   99.48

Device            r/s     rMB/s   rrqm/s  %rrqm r_await rareq-sz     w/s     wMB/s   wrqm/s  %wrqm w_await wareq-sz     d/s     dMB/s   drqm/s  %drqm d_await dareq-sz     f/s f_await  aqu-sz  %util
dm-0             0.00      0.00     0.00   0.00    0.00     0.00    0.00      0.00     0.00   0.00    0.00     0.00    0.00      0.00     0.00   0.00    0.00     0.00    0.00    0.00    0.00   0.00
dm-1             0.00      0.00     0.00   0.00    0.00     0.00    0.00      0.00     0.00   0.00    0.00     0.00    0.00      0.00     0.00   0.00    0.00     0.00    0.00    0.00    0.00   0.00
dm-2             0.00      0.00     0.00   0.00    0.00     0.00    0.00      0.00     0.00   0.00    0.00     0.00    0.00      0.00     0.00   0.00    0.00     0.00    0.00    0.00    0.00   0.00
md0              0.00      0.00     0.00   0.00    0.00     0.00    0.00      0.00     0.00   0.00    0.00     0.00    0.00      0.00     0.00   0.00    0.00     0.00    0.00    0.00    0.00   0.00
md1              0.00      0.00     0.00   0.00    0.00     0.00 39082.00   2442.62     0.00   0.00    0.03    64.00    0.00      0.00     0.00   0.00    0.00     0.00    0.00    0.00    1.13  78.40
nvme0n1          0.00      0.00     0.00   0.00    0.00     0.00 9776.00    611.00     0.00   0.00    0.03    64.00    0.00      0.00     0.00   0.00    0.00     0.00    0.00    0.00    0.28  21.80
nvme1n1          0.00      0.00     0.00   0.00    0.00     0.00 9768.00    610.50     0.00   0.00    0.03    64.00    0.00      0.00     0.00   0.00    0.00     0.00    0.00    0.00    0.28  20.80
nvme2n1          0.00      0.00     0.00   0.00    0.00     0.00 9776.00    611.00     0.00   0.00    0.03    64.00    0.00      0.00     0.00   0.00    0.00     0.00    0.00    0.00    0.28  19.70
nvme3n1          0.00      0.00     0.00   0.00    0.00     0.00 9776.00    611.00     0.00   0.00    0.03    64.00    0.00      0.00     0.00   0.00    0.00     0.00    0.00    0.00    0.28  21.50
sda              0.00      0.00     0.00   0.00    0.00     0.00    0.00      0.00     0.00   0.00    0.00     0.00    0.00      0.00     0.00   0.00    0.00     0.00    0.00    0.00    0.00   0.00
sdb              0.00      0.00     0.00   0.00    0.00     0.00    0.00      0.00     0.00   0.00    0.00     0.00    0.00      0.00     0.00   0.00    0.00     0.00    0.00    0.00    0.00   0.00
sdg              0.00      0.00     0.00   0.00    0.00     0.00    0.00      0.00     0.00   0.00    0.00     0.00    0.00      0.00     0.00   0.00    0.00     0.00    0.00    0.00    0.00   0.00

