Linux 6.8.0-85-generic (raven4) 	10/24/2025 	_x86_64_	(256 CPU)

avg-cpu:  %user   %nice %system %iowait  %steal   %idle
           0.01    0.00    0.01    0.01    0.00   99.97

Device            r/s     rMB/s   rrqm/s  %rrqm r_await rareq-sz     w/s     wMB/s   wrqm/s  %wrqm w_await wareq-sz     d/s     dMB/s   drqm/s  %drqm d_await dareq-sz     f/s f_await  aqu-sz  %util
dm-0             0.23      0.01     0.00   0.00   20.29    32.70    0.48      0.01     0.00   0.00   43.93    14.21    0.00      0.00     0.00   0.00    0.00     0.00    0.00    0.00    0.03   2.47
dm-1             0.00      0.00     0.00   0.00   19.33    18.43    0.02      0.00     0.00   0.00   29.36     3.65    0.00      0.00     0.00   0.00    0.00     0.00    0.00    0.00    0.00   0.05
dm-2             0.25      0.00     0.00   0.00   63.88     7.08    0.17      0.00     0.00   0.00   47.85     4.76    0.00      0.00     0.00   0.00    0.00     0.00    0.00    0.00    0.02   0.12
md0              0.03      0.00     0.00   0.00   26.67     5.08    0.00      0.00     0.00   0.00   41.00     4.00    0.00      0.00     0.00   0.00    0.00     0.00    0.00    0.00    0.00   0.02
md1             24.14      1.48     0.00   0.00   37.64    62.66   29.87      2.58     0.00   0.00   33.17    88.52    0.00      0.00     0.00   0.00    0.00     0.00    0.00    0.00    1.90   0.10
nvme0n1          5.95      0.37     0.00   0.00   17.25    63.47    7.42      0.65     0.04   0.47   34.41    89.10    0.00      0.00     0.00   0.00    0.00     0.00    0.00    0.00    0.36   0.03
nvme1n1          6.00      0.37     0.29   4.61   32.74    63.23    7.42      0.65     0.08   1.02   36.22    89.10    0.00      0.00     0.00   0.00    0.00     0.00    0.00    0.00    0.47   0.03
nvme2n1          5.95      0.37     0.00   0.00   50.18    63.47    7.42      0.65     0.04   0.49   32.52    89.08    0.00      0.00     0.00   0.00    0.00     0.00    0.00    0.00    0.54   0.03
nvme3n1          5.95      0.37     0.00   0.00   52.20    63.48    7.42      0.65     0.04   0.52   30.67    89.03    0.00      0.00     0.00   0.00    0.00     0.00    0.00    0.00    0.54   0.07
sda              0.36      0.01     0.15  29.55   21.77    26.70    0.37      0.01     0.30  44.95   52.60    20.74    0.00      0.00     0.00   0.00    0.00     0.00    0.13   81.03    0.04   1.17
sdb              0.02      0.00     0.01  18.14   30.00     6.21    0.00      0.00     0.00   0.00   41.00     4.00    0.00      0.00     0.00   0.00    0.00     0.00    0.00   40.00    0.00   0.02
sdg              0.01      0.00     0.00   2.46    1.05    13.27    0.00      0.00     0.00   0.00    1.00     0.50    0.00      0.00     0.00   0.00    0.00     0.00    0.00    0.00    0.00   0.00


avg-cpu:  %user   %nice %system %iowait  %steal   %idle
          49.72    0.00    0.25    0.00    0.00   50.03

Device            r/s     rMB/s   rrqm/s  %rrqm r_await rareq-sz     w/s     wMB/s   wrqm/s  %wrqm w_await wareq-sz     d/s     dMB/s   drqm/s  %drqm d_await dareq-sz     f/s f_await  aqu-sz  %util
dm-0             0.00      0.00     0.00   0.00    0.00     0.00    0.00      0.00     0.00   0.00    0.00     0.00    0.00      0.00     0.00   0.00    0.00     0.00    0.00    0.00    0.00   0.00
dm-1             0.00      0.00     0.00   0.00    0.00     0.00    0.00      0.00     0.00   0.00    0.00     0.00    0.00      0.00     0.00   0.00    0.00     0.00    0.00    0.00    0.00   0.00
dm-2             0.00      0.00     0.00   0.00    0.00     0.00    0.00      0.00     0.00   0.00    0.00     0.00    0.00      0.00     0.00   0.00    0.00     0.00    0.00    0.00    0.00   0.00
md0              0.00      0.00     0.00   0.00    0.00     0.00    0.00      0.00     0.00   0.00    0.00     0.00    0.00      0.00     0.00   0.00    0.00     0.00    0.00    0.00    0.00   0.00
md1              0.00      0.00     0.00   0.00    0.00     0.00    0.00      0.00     0.00   0.00    0.00     0.00    0.00      0.00     0.00   0.00    0.00     0.00    0.00    0.00    0.00   0.00
nvme0n1          0.00      0.00     0.00   0.00    0.00     0.00    0.00      0.00     0.00   0.00    0.00     0.00    0.00      0.00     0.00   0.00    0.00     0.00    0.00    0.00    0.00   0.00
nvme1n1          0.00      0.00     0.00   0.00    0.00     0.00    0.00      0.00     0.00   0.00    0.00     0.00    0.00      0.00     0.00   0.00    0.00     0.00    0.00    0.00    0.00   0.00
nvme2n1          0.00      0.00     0.00   0.00    0.00     0.00    0.00      0.00     0.00   0.00    0.00     0.00    0.00      0.00     0.00   0.00    0.00     0.00    0.00    0.00    0.00   0.00
nvme3n1          0.00      0.00     0.00   0.00    0.00     0.00    0.00      0.00     0.00   0.00    0.00     0.00    0.00      0.00     0.00   0.00    0.00     0.00    0.00    0.00    0.00   0.00
sda              0.00      0.00     0.00   0.00    0.00     0.00    0.00      0.00     0.00   0.00    0.00     0.00    0.00      0.00     0.00   0.00    0.00     0.00    0.00    0.00    0.00   0.00
sdb              0.00      0.00     0.00   0.00    0.00     0.00    0.00      0.00     0.00   0.00    0.00     0.00    0.00      0.00     0.00   0.00    0.00     0.00    0.00    0.00    0.00   0.00
sdg              0.00      0.00     0.00   0.00    0.00     0.00    0.00      0.00     0.00   0.00    0.00     0.00    0.00      0.00     0.00   0.00    0.00     0.00    0.00    0.00    0.00   0.00


avg-cpu:  %user   %nice %system %iowait  %steal   %idle
           0.76    0.00    3.23   36.69    0.00   59.31

Device            r/s     rMB/s   rrqm/s  %rrqm r_await rareq-sz     w/s     wMB/s   wrqm/s  %wrqm w_await wareq-sz     d/s     dMB/s   drqm/s  %drqm d_await dareq-sz     f/s f_await  aqu-sz  %util
dm-0             0.00      0.00     0.00   0.00    0.00     0.00    0.00      0.00     0.00   0.00    0.00     0.00    0.00      0.00     0.00   0.00    0.00     0.00    0.00    0.00    0.00   0.00
dm-1             0.00      0.00     0.00   0.00    0.00     0.00    0.00      0.00     0.00   0.00    0.00     0.00    0.00      0.00     0.00   0.00    0.00     0.00    0.00    0.00    0.00   0.00
dm-2             0.00      0.00     0.00   0.00    0.00     0.00    0.00      0.00     0.00   0.00    0.00     0.00    0.00      0.00     0.00   0.00    0.00     0.00    0.00    0.00    0.00   0.00
md0              0.00      0.00     0.00   0.00    0.00     0.00    0.00      0.00     0.00   0.00    0.00     0.00    0.00      0.00     0.00   0.00    0.00     0.00    0.00    0.00    0.00   0.00
md1              0.00      0.00     0.00   0.00    0.00     0.00 121106.00   7569.12     0.00   0.00  145.78    64.00    0.00      0.00     0.00   0.00    0.00     0.00    0.00    0.00 17655.25  70.50
nvme0n1          0.00      0.00     0.00   0.00    0.00     0.00 30002.00   1875.12     0.00   0.00  147.52    64.00    0.00      0.00     0.00   0.00    0.00     0.00    0.00    0.00 4425.82  69.90
nvme1n1          0.00      0.00     0.00   0.00    0.00     0.00 30242.00   1890.12     0.00   0.00  143.80    64.00    0.00      0.00     0.00   0.00    0.00     0.00    0.00    0.00 4348.68  70.50
nvme2n1          0.00      0.00     0.00   0.00    0.00     0.00 30153.00   1884.56     0.00   0.00  144.57    64.00    0.00      0.00     0.00   0.00    0.00     0.00    0.00    0.00 4359.23  70.30
nvme3n1          0.00      0.00     0.00   0.00    0.00     0.00 30067.00   1879.19     0.00   0.00  146.20    64.00    0.00      0.00     0.00   0.00    0.00     0.00    0.00    0.00 4395.75  70.10
sda              0.00      0.00     0.00   0.00    0.00     0.00    0.00      0.00     0.00   0.00    0.00     0.00    0.00      0.00     0.00   0.00    0.00     0.00    0.00    0.00    0.00   0.00
sdb              0.00      0.00     0.00   0.00    0.00     0.00    0.00      0.00     0.00   0.00    0.00     0.00    0.00      0.00     0.00   0.00    0.00     0.00    0.00    0.00    0.00   0.00
sdg              0.00      0.00     0.00   0.00    0.00     0.00    0.00      0.00     0.00   0.00    0.00     0.00    0.00      0.00     0.00   0.00    0.00     0.00    0.00    0.00    0.00   0.00


avg-cpu:  %user   %nice %system %iowait  %steal   %idle
           0.31    0.00    0.95   59.19    0.00   39.55

Device            r/s     rMB/s   rrqm/s  %rrqm r_await rareq-sz     w/s     wMB/s   wrqm/s  %wrqm w_await wareq-sz     d/s     dMB/s   drqm/s  %drqm d_await dareq-sz     f/s f_await  aqu-sz  %util
dm-0             0.00      0.00     0.00   0.00    0.00     0.00    0.00      0.00     0.00   0.00    0.00     0.00    0.00      0.00     0.00   0.00    0.00     0.00    0.00    0.00    0.00   0.00
dm-1             0.00      0.00     0.00   0.00    0.00     0.00    0.00      0.00     0.00   0.00    0.00     0.00    0.00      0.00     0.00   0.00    0.00     0.00    0.00    0.00    0.00   0.00
dm-2             0.00      0.00     0.00   0.00    0.00     0.00   18.00      0.07     0.00   0.00   28.44     3.78    0.00      0.00     0.00   0.00    0.00     0.00    0.00    0.00    0.51  49.70
md0              0.00      0.00     0.00   0.00    0.00     0.00    0.00      0.00     0.00   0.00    0.00     0.00    0.00      0.00     0.00   0.00    0.00     0.00    0.00    0.00    0.00   0.00
md1              0.00      0.00     0.00   0.00    0.00     0.00 171564.00  10722.75     0.00   0.00  183.13    64.00    0.00      0.00     0.00   0.00    0.00     0.00    0.00    0.00 31418.85 100.00
nvme0n1          0.00      0.00     0.00   0.00    0.00     0.00 42891.00   2680.69     0.00   0.00  183.29    64.00    0.00      0.00     0.00   0.00    0.00     0.00    0.00    0.00 7861.63 100.00
nvme1n1          0.00      0.00     0.00   0.00    0.00     0.00 42891.00   2680.69     0.00   0.00  180.55    64.00    0.00      0.00     0.00   0.00    0.00     0.00    0.00    0.00 7743.96 100.00
nvme2n1          0.00      0.00     0.00   0.00    0.00     0.00 42890.00   2680.62     0.00   0.00  185.84    64.00    0.00      0.00     0.00   0.00    0.00     0.00    0.00    0.00 7970.67 100.00
nvme3n1          0.00      0.00     0.00   0.00    0.00     0.00 42890.00   2680.62     0.00   0.00  182.34    64.00    0.00      0.00     0.00   0.00    0.00     0.00    0.00    0.00 7820.53 100.00
sda              0.00      0.00     0.00   0.00    0.00     0.00    3.00      0.07    15.00  83.33  165.67    22.67    0.00      0.00     0.00   0.00    0.00     0.00    3.00  165.00    0.99  49.70
sdb              0.00      0.00     0.00   0.00    0.00     0.00    0.00      0.00     0.00   0.00    0.00     0.00    0.00      0.00     0.00   0.00    0.00     0.00    0.00    0.00    0.00   0.00
sdg              0.00      0.00     0.00   0.00    0.00     0.00    0.00      0.00     0.00   0.00    0.00     0.00    0.00      0.00     0.00   0.00    0.00     0.00    0.00    0.00    0.00   0.00


avg-cpu:  %user   %nice %system %iowait  %steal   %idle
           0.24    0.00    0.70   58.82    0.00   40.24

Device            r/s     rMB/s   rrqm/s  %rrqm r_await rareq-sz     w/s     wMB/s   wrqm/s  %wrqm w_await wareq-sz     d/s     dMB/s   drqm/s  %drqm d_await dareq-sz     f/s f_await  aqu-sz  %util
dm-0             0.00      0.00     0.00   0.00    0.00     0.00    0.00      0.00     0.00   0.00    0.00     0.00    0.00      0.00     0.00   0.00    0.00     0.00    0.00    0.00    0.00   0.00
dm-1             0.00      0.00     0.00   0.00    0.00     0.00    0.00      0.00     0.00   0.00    0.00     0.00    0.00      0.00     0.00   0.00    0.00     0.00    0.00    0.00    0.00   0.00
dm-2             0.00      0.00     0.00   0.00    0.00     0.00    0.00      0.00     0.00   0.00    0.00     0.00    0.00      0.00     0.00   0.00    0.00     0.00    0.00    0.00    0.00   0.00
md0              0.00      0.00     0.00   0.00    0.00     0.00    0.00      0.00     0.00   0.00    0.00     0.00    0.00      0.00     0.00   0.00    0.00     0.00    0.00    0.00    0.00   0.00
md1              0.00      0.00     0.00   0.00    0.00     0.00 170919.00  10682.44     0.00   0.00  177.98    64.00    0.00      0.00     0.00   0.00    0.00     0.00    0.00    0.00 30419.46  99.70
nvme0n1          0.00      0.00     0.00   0.00    0.00     0.00 42762.00   2672.62     0.00   0.00  182.04    64.00    0.00      0.00     0.00   0.00    0.00     0.00    0.00    0.00 7784.33  99.70
nvme1n1          0.00      0.00     0.00   0.00    0.00     0.00 42762.00   2672.62     0.00   0.00  171.80    64.00    0.00      0.00     0.00   0.00    0.00     0.00    0.00    0.00 7346.57  99.70
nvme2n1          0.00      0.00     0.00   0.00    0.00     0.00 42762.00   2672.62     0.00   0.00  183.18    64.00    0.00      0.00     0.00   0.00    0.00     0.00    0.00    0.00 7832.93  99.70
nvme3n1          0.00      0.00     0.00   0.00    0.00     0.00 42762.00   2672.62     0.00   0.00  174.56    64.00    0.00      0.00     0.00   0.00    0.00     0.00    0.00    0.00 7464.33  99.70
sda              0.00      0.00     0.00   0.00    0.00     0.00    0.00      0.00     0.00   0.00    0.00     0.00    0.00      0.00     0.00   0.00    0.00     0.00    0.00    0.00    0.00   0.00
sdb              0.00      0.00     0.00   0.00    0.00     0.00    0.00      0.00     0.00   0.00    0.00     0.00    0.00      0.00     0.00   0.00    0.00     0.00    0.00    0.00    0.00   0.00
sdg              0.00      0.00     0.00   0.00    0.00     0.00    0.00      0.00     0.00   0.00    0.00     0.00    0.00      0.00     0.00   0.00    0.00     0.00    0.00    0.00    0.00   0.00

