   7       0 loop0 0 0 0 0 0 0 0 0 0 0 0 0 0 0 0 0 0
   7       1 loop1 0 0 0 0 0 0 0 0 0 0 0 0 0 0 0 0 0
   7       2 loop2 0 0 0 0 0 0 0 0 0 0 0 0 0 0 0 0 0
   7       3 loop3 0 0 0 0 0 0 0 0 0 0 0 0 0 0 0 0 0
   7       4 loop4 0 0 0 0 0 0 0 0 0 0 0 0 0 0 0 0 0
   7       5 loop5 0 0 0 0 0 0 0 0 0 0 0 0 0 0 0 0 0
   7       6 loop6 0 0 0 0 0 0 0 0 0 0 0 0 0 0 0 0 0
   7       7 loop7 0 0 0 0 0 0 0 0 0 0 0 0 0 0 0 0 0
   8       0 sda 34716 13410 1856634 579871 9435 11596 536962 345113 0 254683 1107903 0 0 0 0 2282 182918
   8       1 sda1 167 2146 19346 1105 3 0 10 4 0 909 1110 0 0 0 0 0 0
   8       2 sda2 140 35 9938 4063 37 18 376 3571 0 6067 7635 0 0 0 0 0 0
   8       3 sda3 34309 11229 1822774 571564 9395 11578 536576 341537 0 393498 913101 0 0 0 0 0 0
   8      16 sdb 2090 463 25970 65225 1 0 8 30 0 15159 65285 0 0 0 0 1 29
   9       0 md0 2480 0 25194 68138 1 0 8 31 0 15006 68169 0 0 0 0 0 0
 259       0 nvme3n1 4195400 16 33623264 151982 4331757 129760 68197848 91456 0 134692 243438 0 0 0 0 0 0
 259       1 nvme2n1 4195425 0 33620696 153419 4331805 129841 68198880 67775 0 115251 221194 0 0 0 0 0 0
 259       2 nvme1n1 4195406 2 33620760 153235 4331764 129844 68198592 67727 0 115262 220962 0 0 0 0 0 0
 259       3 nvme0n1 4199075 26008 33861018 154211 4332186 135828 68249832 69061 0 115197 223273 0 0 0 0 0 0
   9     127 md127 16811038 0 134722618 637873 17852785 0 272845152 377677 0 332049 1015550 0 0 0 0 0 0
 252       0 dm-0 21096 0 1381322 890994 14089 0 441008 332537 0 317322 1223531 0 0 0 0 0 0
 252       1 dm-1 593 0 17250 13792 369 0 2712 13503 0 14296 27295 0 0 0 0 0 0
 252       2 dm-2 23806 0 422394 320683 6407 0 92856 102224 0 121580 422907 0 0 0 0 0 0
 251       0 zram0 189 0 4896 1 1331 0 10648 2 0 3 3 0 0 0 0 0 0
 251       1 zram1 189 0 4896 0 1331 0 10648 7 0 7 7 0 0 0 0 0 0
 251       2 zram2 189 0 4896 0 1331 0 10648 1 0 1 1 0 0 0 0 0 0
