   7       0 loop0 0 0 0 0 0 0 0 0 0 0 0 0 0 0 0 0 0
   7       1 loop1 0 0 0 0 0 0 0 0 0 0 0 0 0 0 0 0 0
   7       2 loop2 0 0 0 0 0 0 0 0 0 0 0 0 0 0 0 0 0
   7       3 loop3 0 0 0 0 0 0 0 0 0 0 0 0 0 0 0 0 0
   7       4 loop4 0 0 0 0 0 0 0 0 0 0 0 0 0 0 0 0 0
   7       5 loop5 0 0 0 0 0 0 0 0 0 0 0 0 0 0 0 0 0
   7       6 loop6 0 0 0 0 0 0 0 0 0 0 0 0 0 0 0 0 0
   7       7 loop7 0 0 0 0 0 0 0 0 0 0 0 0 0 0 0 0 0
   8       0 sda 32027 13435 1710370 697344 32999 26867 1367762 1722386 0 1036501 3371826 0 0 0 0 11784 952095
   8       1 sda1 171 2158 19362 1518 2 0 2 1 0 951 1519 0 0 0 0 0 0
   8       2 sda2 134 33 9106 2421 20 14 248 1947 0 3767 4368 0 0 0 0 0 0
   8       3 sda3 31622 11244 1677326 689734 32977 26853 1367512 1720438 0 1241822 2410173 0 0 0 0 0 0
   8      16 sdb 2090 463 25970 62710 1 0 8 41 0 14786 62792 0 0 0 0 1 40
   9       0 md0 2480 0 25194 66149 1 0 8 41 0 14646 66190 0 0 0 0 0 0
 259       0 nvme1n1 401819 25752 50614426 9907005 591918 5500 100710184 23875798 0 26212 33782804 0 0 0 0 0 0
 259       1 nvme0n1 397921 0 50373416 3962997 591840 2409 100683936 22673161 0 26210 26636159 0 0 0 0 0 0
 259       2 nvme3n1 397826 15 50375672 12816494 592114 2521 100684824 20219367 0 54701 33035862 0 0 0 0 0 0
 259       3 nvme2n1 397918 0 50373392 13376243 591898 2501 100683568 21430751 0 25655 34806994 0 0 0 0 0 0
   9       1 md1 1620957 0 201733786 40081301 2380701 0 402762512 88008650 0 80126 128089951 0 0 0 0 0 0
 252       0 dm-0 20755 0 1357354 421191 42760 0 1216864 1863787 0 2191792 2284978 0 0 0 0 0 0
 252       1 dm-1 239 0 8810 4620 2202 0 16088 64436 0 45071 69056 0 0 0 0 0 0
 252       2 dm-2 21832 0 309354 1394608 14578 0 134560 704636 0 98337 2099244 0 0 0 0 0 0
   8      32 sdc 0 0 0 0 0 0 0 0 0 0 0 0 0 0 0 0 0
   8      48 sdd 0 0 0 0 0 0 0 0 0 0 0 0 0 0 0 0 0
   8      64 sde 0 0 0 0 0 0 0 0 0 0 0 0 0 0 0 0 0
   8      80 sdf 0 0 0 0 0 0 0 0 0 0 0 0 0 0 0 0 0
  11       0 sr0 0 0 0 0 0 0 0 0 0 0 0 0 0 0 0 0 0
   8      96 sdg 476 12 12632 502 2 0 2 2 0 373 505 0 0 0 0 0 0
   8      97 sdg1 88 0 6520 166 0 0 0 0 0 146 166 0 0 0 0 0 0
   8      98 sdg2 310 12 3448 264 2 0 2 2 0 248 267 0 0 0 0 0 0
  11       1 sr1 0 0 0 0 0 0 0 0 0 0 0 0 0 0 0 0 0
  11       2 sr2 0 0 0 0 0 0 0 0 0 0 0 0 0 0 0 0 0
  11       3 sr3 0 0 0 0 0 0 0 0 0 0 0 0 0 0 0 0 0
