   7       0 loop0 0 0 0 0 0 0 0 0 0 0 0 0 0 0 0 0 0
   7       1 loop1 0 0 0 0 0 0 0 0 0 0 0 0 0 0 0 0 0
   7       2 loop2 0 0 0 0 0 0 0 0 0 0 0 0 0 0 0 0 0
   7       3 loop3 0 0 0 0 0 0 0 0 0 0 0 0 0 0 0 0 0
   7       4 loop4 0 0 0 0 0 0 0 0 0 0 0 0 0 0 0 0 0
   7       5 loop5 0 0 0 0 0 0 0 0 0 0 0 0 0 0 0 0 0
   7       6 loop6 0 0 0 0 0 0 0 0 0 0 0 0 0 0 0 0 0
   7       7 loop7 0 0 0 0 0 0 0 0 0 0 0 0 0 0 0 0 0
   8       0 sda 34716 13410 1856634 579871 9364 11520 532330 343828 0 253458 1105416 0 0 0 0 2246 181716
   8       1 sda1 167 2146 19346 1105 3 0 10 4 0 909 1110 0 0 0 0 0 0
   8       2 sda2 140 35 9938 4063 37 18 376 3571 0 6067 7635 0 0 0 0 0 0
   8       3 sda3 34309 11229 1822774 571564 9324 11502 531944 340252 0 392272 911816 0 0 0 0 0 0
   8      16 sdb 2090 463 25970 65225 1 0 8 30 0 15159 65285 0 0 0 0 1 29
   9       0 md0 2480 0 25194 68138 1 0 8 31 0 15006 68169 0 0 0 0 0 0
 259       0 nvme3n1 4195400 16 33623264 151982 4331654 126603 68171768 91446 0 134685 243428 0 0 0 0 0 0
 259       1 nvme2n1 4195425 0 33620696 153419 4331701 126617 68172256 67756 0 115238 221175 0 0 0 0 0 0
 259       2 nvme1n1 4195406 2 33620760 153235 4331658 126622 68171968 67714 0 115253 220949 0 0 0 0 0 0
 259       3 nvme0n1 4199075 26008 33861018 154211 4332057 132478 68222000 69029 0 115180 223241 0 0 0 0 0 0
   9     127 md127 16811038 0 134722618 637873 17839390 0 272737992 376200 0 332009 1014073 0 0 0 0 0 0
 252       0 dm-0 21096 0 1381322 890994 14078 0 440936 332437 0 317222 1223431 0 0 0 0 0 0
 252       1 dm-1 593 0 17250 13792 369 0 2712 13503 0 14296 27295 0 0 0 0 0 0
 252       2 dm-2 23806 0 422394 320683 6271 0 88296 100960 0 120453 421643 0 0 0 0 0 0
 251       0 zram0 189 0 4896 1 1331 0 10648 2 0 3 3 0 0 0 0 0 0
 251       1 zram1 189 0 4896 0 1331 0 10648 7 0 7 7 0 0 0 0 0 0
 251       2 zram2 189 0 4896 0 1331 0 10648 1 0 1 1 0 0 0 0 0 0
