   7       0 loop0 0 0 0 0 0 0 0 0 0 0 0 0 0 0 0 0 0
   7       1 loop1 0 0 0 0 0 0 0 0 0 0 0 0 0 0 0 0 0
   7       2 loop2 0 0 0 0 0 0 0 0 0 0 0 0 0 0 0 0 0
   7       3 loop3 0 0 0 0 0 0 0 0 0 0 0 0 0 0 0 0 0
   7       4 loop4 0 0 0 0 0 0 0 0 0 0 0 0 0 0 0 0 0
   7       5 loop5 0 0 0 0 0 0 0 0 0 0 0 0 0 0 0 0 0
   7       6 loop6 0 0 0 0 0 0 0 0 0 0 0 0 0 0 0 0 0
   7       7 loop7 0 0 0 0 0 0 0 0 0 0 0 0 0 0 0 0 0
   8       0 sda 34125 13175 1804650 578119 8203 10724 485786 285905 1 210093 1001189 0 0 0 0 1840 137164
   8       1 sda1 167 2146 19346 1105 3 0 10 4 0 909 1110 0 0 0 0 0 0
   8       2 sda2 140 35 9938 4063 37 18 376 3571 0 6067 7635 0 0 0 0 0 0
   8       3 sda3 33718 10994 1770790 569812 8163 10706 485400 282329 1 343074 852141 0 0 0 0 0 0
   8      16 sdb 2090 463 25970 65225 1 0 8 30 0 15159 65285 0 0 0 0 1 29
   9       0 md0 2480 0 25194 68138 1 0 8 31 0 15006 68169 0 0 0 0 0 0
 259       0 nvme3n1 2098248 16 16846048 21043 65561 388 16780448 20671 0 25279 41715 0 0 0 0 0 0
 259       1 nvme2n1 2098273 0 16843480 21525 65561 496 16781312 9625 0 15603 31151 0 0 0 0 0 0
 259       2 nvme1n1 2098254 2 16843544 21373 65577 541 16781808 9763 0 15764 31136 0 0 0 0 0 0
 259       3 nvme0n1 2101923 26008 17083802 23370 65904 4982 16819944 10114 0 15780 33485 0 0 0 0 0 0
   9     127 md127 8422430 0 67613754 105667 269010 0 67163512 52776 0 65558 158443 0 0 0 0 0 0
 252       0 dm-0 20275 0 1329450 887363 13438 0 434040 318046 0 304652 1205409 0 0 0 0 0 0
 252       1 dm-1 593 0 17250 13792 358 0 2632 12865 0 14125 26657 0 0 0 0 0 0
 252       2 dm-2 23802 0 422290 320633 4966 0 48728 50921 0 79544 371554 0 0 0 0 0 0
 251       0 zram0 189 0 4896 1 1331 0 10648 2 0 3 3 0 0 0 0 0 0
 251       1 zram1 189 0 4896 0 1331 0 10648 7 0 7 7 0 0 0 0 0 0
 251       2 zram2 189 0 4896 0 1331 0 10648 1 0 1 1 0 0 0 0 0 0
