   7       0 loop0 0 0 0 0 0 0 0 0 0 0 0 0 0 0 0 0 0
   7       1 loop1 0 0 0 0 0 0 0 0 0 0 0 0 0 0 0 0 0
   7       2 loop2 0 0 0 0 0 0 0 0 0 0 0 0 0 0 0 0 0
   7       3 loop3 0 0 0 0 0 0 0 0 0 0 0 0 0 0 0 0 0
   7       4 loop4 0 0 0 0 0 0 0 0 0 0 0 0 0 0 0 0 0
   7       5 loop5 0 0 0 0 0 0 0 0 0 0 0 0 0 0 0 0 0
   7       6 loop6 0 0 0 0 0 0 0 0 0 0 0 0 0 0 0 0 0
   7       7 loop7 0 0 0 0 0 0 0 0 0 0 0 0 0 0 0 0 0
   8       0 sda 34094 13175 1799946 577927 7991 10586 478106 276650 3 202077 983175 0 0 0 0 1760 128597
   8       1 sda1 167 2146 19346 1105 3 0 10 4 0 909 1110 0 0 0 0 0 0
   8       2 sda2 140 35 9938 4063 37 18 376 3571 0 6067 7635 0 0 0 0 0 0
   8       3 sda3 33687 10994 1766086 569619 7951 10568 477720 273073 3 334312 842693 0 0 0 0 0 0
   8      16 sdb 2090 463 25970 65225 1 0 8 30 0 15159 65285 0 0 0 0 1 29
   9       0 md0 2480 0 25194 68138 1 0 8 31 0 15006 68169 0 0 0 0 0 0
 259       0 nvme3n1 1096 16 68832 68 8 248 2048 1 0 57 69 0 0 0 0 0 0
 259       1 nvme2n1 1121 0 66264 103 16 496 4096 2 0 44 105 0 0 0 0 0 0
 259       2 nvme1n1 1102 2 66328 101 16 496 4096 2 0 48 104 0 0 0 0 0 0
 259       3 nvme0n1 4770 26008 306578 2473 327 4627 39632 139 0 573 2613 0 0 0 0 0 0
   9     127 md127 33821 0 504882 20497 6234 0 49872 2026 0 700 22523 0 0 0 0 0 0
 252       0 dm-0 20246 0 1324762 887207 13310 0 432760 315947 3 302658 1203154 0 0 0 0 0 0
 252       1 dm-1 593 0 17250 13792 358 0 2632 12865 0 14125 26657 0 0 0 0 0 0
 252       2 dm-2 23799 0 422266 320597 4744 0 42328 43178 0 72448 363775 0 0 0 0 0 0
 251       0 zram0 189 0 4896 1 1331 0 10648 2 0 3 3 0 0 0 0 0 0
 251       1 zram1 189 0 4896 0 1331 0 10648 7 0 7 7 0 0 0 0 0 0
 251       2 zram2 189 0 4896 0 1331 0 10648 1 0 1 1 0 0 0 0 0 0
