md127,TOTAL_READS(KB),33554432
md127,TOTAL_WRITES(KB),0
md127,TOTAL_READS(MB),32768
md127,TOTAL_WRITES(MB),0
md127,TOTAL_READS(GB),32
md127,TOTAL_WRITES(GB),0
,
md127,rMB/s,3626.61
md127,wMB/s,0.0322222
md127,AVGRQ-SZ,13.2533
md127,AVGQU-SZ,19.3933
md127,DEV_UTIL,68.0444
,
