   7       0 loop0 0 0 0 0 0 0 0 0 0 0 0 0 0 0 0 0 0
   7       1 loop1 0 0 0 0 0 0 0 0 0 0 0 0 0 0 0 0 0
   7       2 loop2 0 0 0 0 0 0 0 0 0 0 0 0 0 0 0 0 0
   7       3 loop3 0 0 0 0 0 0 0 0 0 0 0 0 0 0 0 0 0
   7       4 loop4 0 0 0 0 0 0 0 0 0 0 0 0 0 0 0 0 0
   7       5 loop5 0 0 0 0 0 0 0 0 0 0 0 0 0 0 0 0 0
   7       6 loop6 0 0 0 0 0 0 0 0 0 0 0 0 0 0 0 0 0
   7       7 loop7 0 0 0 0 0 0 0 0 0 0 0 0 0 0 0 0 0
   8       0 sda 31410 13111 1656898 695318 32374 25912 1337978 1692769 1 1014208 3318682 0 0 0 0 11558 930594
   8       1 sda1 171 2158 19362 1518 2 0 2 1 0 951 1519 0 0 0 0 0 0
   8       2 sda2 134 33 9106 2421 20 14 248 1947 0 3767 4368 0 0 0 0 0 0
   8       3 sda3 31005 10920 1623854 687709 32352 25898 1337728 1690821 1 1217681 2378530 0 0 0 0 0 0
   8      16 sdb 2090 463 25970 62710 1 0 8 41 0 14786 62792 0 0 0 0 1 40
   9       0 md0 2480 0 25194 66149 1 0 8 41 0 14646 66190 0 0 0 0 0 0
 259       0 nvme1n1 139675 25752 17059994 8363 65614 628 16782848 10458 0 5242 18822 0 0 0 0 0 0
 259       1 nvme0n1 135777 0 16818984 5794 65544 123 16778240 10271 0 4699 16066 0 0 0 0 0 0
 259       2 nvme3n1 135682 15 16821240 5796 65554 257 16779392 22152 0 16163 27948 0 0 0 0 0 0
 259       3 nvme2n1 135774 0 16818960 5883 65543 124 16778240 10179 0 4676 16062 0 0 0 0 0 0
   9       1 md1 572381 0 67516058 42929 263387 0 67118720 54283 0 22004 97212 0 0 0 0 0 0
 252       0 dm-0 19821 0 1304010 417539 42274 0 1212904 1857968 0 2186046 2275507 0 0 0 0 0 0
 252       1 dm-1 239 0 8810 4620 2202 0 16088 64436 0 45071 69056 0 0 0 0 0 0
 252       2 dm-2 21825 0 309226 1394484 13484 0 108736 668921 1 79246 2063405 0 0 0 0 0 0
   8      32 sdc 0 0 0 0 0 0 0 0 0 0 0 0 0 0 0 0 0
   8      48 sdd 0 0 0 0 0 0 0 0 0 0 0 0 0 0 0 0 0
   8      64 sde 0 0 0 0 0 0 0 0 0 0 0 0 0 0 0 0 0
   8      80 sdf 0 0 0 0 0 0 0 0 0 0 0 0 0 0 0 0 0
  11       0 sr0 0 0 0 0 0 0 0 0 0 0 0 0 0 0 0 0 0
   8      96 sdg 476 12 12632 502 2 0 2 2 0 373 505 0 0 0 0 0 0
   8      97 sdg1 88 0 6520 166 0 0 0 0 0 146 166 0 0 0 0 0 0
   8      98 sdg2 310 12 3448 264 2 0 2 2 0 248 267 0 0 0 0 0 0
  11       1 sr1 0 0 0 0 0 0 0 0 0 0 0 0 0 0 0 0 0
  11       2 sr2 0 0 0 0 0 0 0 0 0 0 0 0 0 0 0 0 0
  11       3 sr3 0 0 0 0 0 0 0 0 0 0 0 0 0 0 0 0 0
