   7       0 loop0 0 0 0 0 0 0 0 0 0 0 0 0 0 0 0 0 0
   7       1 loop1 0 0 0 0 0 0 0 0 0 0 0 0 0 0 0 0 0
   7       2 loop2 0 0 0 0 0 0 0 0 0 0 0 0 0 0 0 0 0
   7       3 loop3 0 0 0 0 0 0 0 0 0 0 0 0 0 0 0 0 0
   7       4 loop4 0 0 0 0 0 0 0 0 0 0 0 0 0 0 0 0 0
   7       5 loop5 0 0 0 0 0 0 0 0 0 0 0 0 0 0 0 0 0
   7       6 loop6 0 0 0 0 0 0 0 0 0 0 0 0 0 0 0 0 0
   7       7 loop7 0 0 0 0 0 0 0 0 0 0 0 0 0 0 0 0 0
   8       0 sda 32027 13435 1710370 697344 32714 26474 1353426 1710649 0 1026466 3349954 0 0 0 0 11674 941960
   8       1 sda1 171 2158 19362 1518 2 0 2 1 0 951 1519 0 0 0 0 0 0
   8       2 sda2 134 33 9106 2421 20 14 248 1947 0 3767 4368 0 0 0 0 0 0
   8       3 sda3 31622 11244 1677326 689734 32692 26460 1353176 1708700 0 1231205 2398435 0 0 0 0 0 0
   8      16 sdb 2090 463 25970 62710 1 0 8 41 0 14786 62792 0 0 0 0 1 40
   9       0 md0 2480 0 25194 66149 1 0 8 41 0 14646 66190 0 0 0 0 0 0
 259       0 nvme1n1 270747 25752 33837210 20688 262368 2173 50350760 24641 0 15553 45329 0 0 0 0 0 0
 259       1 nvme0n1 266849 0 33596200 18476 262192 474 50335744 24337 0 15324 42814 0 0 0 0 0 0
 259       2 nvme3n1 266754 15 33598456 18412 262195 692 50337496 47254 0 37168 65667 0 0 0 0 0 0
 259       3 nvme2n1 266846 0 33596176 18149 262173 495 50335744 24246 0 14965 42396 0 0 0 0 0 0
   9       1 md1 1096669 0 134624922 93475 1052762 0 201359744 123333 0 52407 216808 0 0 0 0 0 0
 252       0 dm-0 20755 0 1357354 421191 42629 0 1215848 1861253 0 2190118 2282444 0 0 0 0 0 0
 252       1 dm-1 239 0 8810 4620 2202 0 16088 64436 0 45071 69056 0 0 0 0 0 0
 252       2 dm-2 21832 0 309354 1394608 14031 0 121240 690253 0 89165 2084861 0 0 0 0 0 0
   8      32 sdc 0 0 0 0 0 0 0 0 0 0 0 0 0 0 0 0 0
   8      48 sdd 0 0 0 0 0 0 0 0 0 0 0 0 0 0 0 0 0
   8      64 sde 0 0 0 0 0 0 0 0 0 0 0 0 0 0 0 0 0
   8      80 sdf 0 0 0 0 0 0 0 0 0 0 0 0 0 0 0 0 0
  11       0 sr0 0 0 0 0 0 0 0 0 0 0 0 0 0 0 0 0 0
   8      96 sdg 476 12 12632 502 2 0 2 2 0 373 505 0 0 0 0 0 0
   8      97 sdg1 88 0 6520 166 0 0 0 0 0 146 166 0 0 0 0 0 0
   8      98 sdg2 310 12 3448 264 2 0 2 2 0 248 267 0 0 0 0 0 0
  11       1 sr1 0 0 0 0 0 0 0 0 0 0 0 0 0 0 0 0 0
  11       2 sr2 0 0 0 0 0 0 0 0 0 0 0 0 0 0 0 0 0
  11       3 sr3 0 0 0 0 0 0 0 0 0 0 0 0 0 0 0 0 0
