   7       0 loop0 0 0 0 0 0 0 0 0 0 0 0 0 0 0 0 0 0
   7       1 loop1 0 0 0 0 0 0 0 0 0 0 0 0 0 0 0 0 0
   7       2 loop2 0 0 0 0 0 0 0 0 0 0 0 0 0 0 0 0 0
   7       3 loop3 0 0 0 0 0 0 0 0 0 0 0 0 0 0 0 0 0
   7       4 loop4 0 0 0 0 0 0 0 0 0 0 0 0 0 0 0 0 0
   7       5 loop5 0 0 0 0 0 0 0 0 0 0 0 0 0 0 0 0 0
   7       6 loop6 0 0 0 0 0 0 0 0 0 0 0 0 0 0 0 0 0
   7       7 loop7 0 0 0 0 0 0 0 0 0 0 0 0 0 0 0 0 0
   8       0 sda 34716 13410 1856634 579871 9527 11701 542642 346043 0 255541 1109660 0 0 0 0 2331 183745
   8       1 sda1 167 2146 19346 1105 3 0 10 4 0 909 1110 0 0 0 0 0 0
   8       2 sda2 140 35 9938 4063 37 18 376 3571 0 6067 7635 0 0 0 0 0 0
   8       3 sda3 34309 11229 1822774 571564 9487 11683 542256 342467 0 394357 914031 0 0 0 0 0 0
   8      16 sdb 2090 463 25970 65225 1 0 8 30 0 15159 65285 0 0 0 0 1 29
   9       0 md0 2480 0 25194 68138 1 0 8 31 0 15006 68169 0 0 0 0 0 0
 259       0 nvme3n1 6292552 16 50400480 1959298 4398556 130391 84981096 109171 0 147462 2068470 0 0 0 0 0 0
 259       1 nvme2n1 6292577 0 50397912 1265519 4398626 130522 84982240 77213 0 120127 1342732 0 0 0 0 0 0
 259       2 nvme1n1 6292558 2 50397976 1075865 4398276 130500 84981952 77066 0 119975 1152931 0 0 0 0 0 0
 259       3 nvme0n1 6296227 26008 50638234 70770441 4398693 136680 85034608 78693 0 120015 70849135 0 0 0 0 0 0
   9     127 md127 25199646 0 201831482 75107114 18122244 0 339979896 425431 0 345599 75532545 0 0 0 0 0 0
 252       0 dm-0 21096 0 1381322 890994 14114 0 441168 332757 0 317542 1223751 0 0 0 0 0 0
 252       1 dm-1 593 0 17250 13792 369 0 2712 13503 0 14296 27295 0 0 0 0 0 0
 252       2 dm-2 23806 0 422394 320683 6579 0 98376 103021 0 122219 423704 0 0 0 0 0 0
 251       0 zram0 189 0 4896 1 1331 0 10648 2 0 3 3 0 0 0 0 0 0
 251       1 zram1 189 0 4896 0 1331 0 10648 7 0 7 7 0 0 0 0 0 0
 251       2 zram2 189 0 4896 0 1331 0 10648 1 0 1 1 0 0 0 0 0 0
