   7       0 loop0 0 0 0 0 0 0 0 0 0 0 0 0 0 0 0 0 0
   7       1 loop1 0 0 0 0 0 0 0 0 0 0 0 0 0 0 0 0 0
   7       2 loop2 0 0 0 0 0 0 0 0 0 0 0 0 0 0 0 0 0
   7       3 loop3 0 0 0 0 0 0 0 0 0 0 0 0 0 0 0 0 0
   7       4 loop4 0 0 0 0 0 0 0 0 0 0 0 0 0 0 0 0 0
   7       5 loop5 0 0 0 0 0 0 0 0 0 0 0 0 0 0 0 0 0
   7       6 loop6 0 0 0 0 0 0 0 0 0 0 0 0 0 0 0 0 0
   7       7 loop7 0 0 0 0 0 0 0 0 0 0 0 0 0 0 0 0 0
   8       0 sda 34716 13410 1856634 579871 9165 11350 521658 325065 0 239668 1072482 0 0 0 0 2130 167545
   8       1 sda1 167 2146 19346 1105 3 0 10 4 0 909 1110 0 0 0 0 0 0
   8       2 sda2 140 35 9938 4063 37 18 376 3571 0 6067 7635 0 0 0 0 0 0
   8       3 sda3 34309 11229 1822774 571564 9125 11332 521272 321488 0 375930 893053 0 0 0 0 0 0
   8      16 sdb 2090 463 25970 65225 1 0 8 30 0 15159 65285 0 0 0 0 1 29
   9       0 md0 2480 0 25194 68138 1 0 8 31 0 15006 68169 0 0 0 0 0 0
 259       0 nvme3n1 4195400 16 33623264 151982 2228321 862 50339176 63895 0 108694 215877 0 0 0 0 0 0
 259       1 nvme2n1 4195425 0 33620696 153419 2228278 912 50339232 40917 0 89810 194336 0 0 0 0 0 0
 259       2 nvme1n1 4195406 2 33620760 153235 2228291 973 50339840 41269 0 90136 194504 0 0 0 0 0 0
 259       3 nvme0n1 4199075 26008 33861018 154211 2228755 6542 50388096 42044 0 90003 196256 0 0 0 0 0 0
   9     127 md127 16811038 0 134722618 637873 8922934 0 201406344 210882 0 234824 848755 0 0 0 0 0 0
 252       0 dm-0 21096 0 1381322 890994 14008 0 440360 327466 0 315784 1218460 0 0 0 0 0 0
 252       1 dm-1 593 0 17250 13792 369 0 2712 13503 0 14296 27295 0 0 0 0 0 0
 252       2 dm-2 23806 0 422394 320683 5973 0 78200 86599 0 106930 407282 0 0 0 0 0 0
 251       0 zram0 189 0 4896 1 1331 0 10648 2 0 3 3 0 0 0 0 0 0
 251       1 zram1 189 0 4896 0 1331 0 10648 7 0 7 7 0 0 0 0 0 0
 251       2 zram2 189 0 4896 0 1331 0 10648 1 0 1 1 0 0 0 0 0 0
