   7       0 loop0 0 0 0 0 0 0 0 0 0 0 0 0 0 0 0 0 0
   7       1 loop1 0 0 0 0 0 0 0 0 0 0 0 0 0 0 0 0 0
   7       2 loop2 0 0 0 0 0 0 0 0 0 0 0 0 0 0 0 0 0
   7       3 loop3 0 0 0 0 0 0 0 0 0 0 0 0 0 0 0 0 0
   7       4 loop4 0 0 0 0 0 0 0 0 0 0 0 0 0 0 0 0 0
   7       5 loop5 0 0 0 0 0 0 0 0 0 0 0 0 0 0 0 0 0
   7       6 loop6 0 0 0 0 0 0 0 0 0 0 0 0 0 0 0 0 0
   7       7 loop7 0 0 0 0 0 0 0 0 0 0 0 0 0 0 0 0 0
   8       0 sda 32027 13435 1710370 697344 32962 26791 1365394 1719593 0 1034567 3366530 0 0 0 0 11770 949592
   8       1 sda1 171 2158 19362 1518 2 0 2 1 0 951 1519 0 0 0 0 0 0
   8       2 sda2 134 33 9106 2421 20 14 248 1947 0 3767 4368 0 0 0 0 0 0
   8       3 sda3 31622 11244 1677326 689734 32940 26777 1365144 1717645 0 1239306 2407380 0 0 0 0 0 0
   8      16 sdb 2090 463 25970 62710 1 0 8 41 0 14786 62792 0 0 0 0 1 40
   9       0 md0 2480 0 25194 66149 1 0 8 41 0 14646 66190 0 0 0 0 0 0
 259       0 nvme1n1 401819 25752 50614426 9907005 460814 5120 83929672 37965 0 23153 9944971 0 0 0 0 0 0
 259       1 nvme0n1 397921 0 50373416 3962997 460764 2285 83905696 37655 0 23153 4000653 0 0 0 0 0 0
 259       2 nvme3n1 397826 15 50375672 12816494 461038 2397 83906584 67152 0 51644 12883646 0 0 0 0 0 0
 259       3 nvme2n1 397918 0 50373392 13376243 460818 2320 83904840 37366 0 22599 13413609 0 0 0 0 0 0
   9       1 md1 1620957 0 201733786 40081301 1855556 0 335646792 185422 0 77061 40266723 0 0 0 0 0 0
 252       0 dm-0 20755 0 1357354 421191 42754 0 1216824 1862976 0 2190981 2284167 0 0 0 0 0 0
 252       1 dm-1 239 0 8810 4620 2202 0 16088 64436 0 45071 69056 0 0 0 0 0 0
 252       2 dm-2 21832 0 309354 1394608 14471 0 132232 699508 0 96402 2094116 0 0 0 0 0 0
   8      32 sdc 0 0 0 0 0 0 0 0 0 0 0 0 0 0 0 0 0
   8      48 sdd 0 0 0 0 0 0 0 0 0 0 0 0 0 0 0 0 0
   8      64 sde 0 0 0 0 0 0 0 0 0 0 0 0 0 0 0 0 0
   8      80 sdf 0 0 0 0 0 0 0 0 0 0 0 0 0 0 0 0 0
  11       0 sr0 0 0 0 0 0 0 0 0 0 0 0 0 0 0 0 0 0
   8      96 sdg 476 12 12632 502 2 0 2 2 0 373 505 0 0 0 0 0 0
   8      97 sdg1 88 0 6520 166 0 0 0 0 0 146 166 0 0 0 0 0 0
   8      98 sdg2 310 12 3448 264 2 0 2 2 0 248 267 0 0 0 0 0 0
  11       1 sr1 0 0 0 0 0 0 0 0 0 0 0 0 0 0 0 0 0
  11       2 sr2 0 0 0 0 0 0 0 0 0 0 0 0 0 0 0 0 0
  11       3 sr3 0 0 0 0 0 0 0 0 0 0 0 0 0 0 0 0 0
