Linux 6.8.0-85-generic (raven4) 	10/24/2025 	_x86_64_	(256 CPU)

avg-cpu:  %user   %nice %system %iowait  %steal   %idle
           0.01    0.00    0.00    0.01    0.00   99.98

Device            r/s     rMB/s   rrqm/s  %rrqm r_await rareq-sz     w/s     wMB/s   wrqm/s  %wrqm w_await wareq-sz     d/s     dMB/s   drqm/s  %drqm d_await dareq-sz     f/s f_await  aqu-sz  %util
dm-0             0.23      0.01     0.00   0.00   20.29    32.70    0.48      0.01     0.00   0.00   43.57    14.23    0.00      0.00     0.00   0.00    0.00     0.00    0.00    0.00    0.03   2.47
dm-1             0.00      0.00     0.00   0.00   19.33    18.43    0.02      0.00     0.00   0.00   29.26     3.65    0.00      0.00     0.00   0.00    0.00     0.00    0.00    0.00    0.00   0.05
dm-2             0.25      0.00     0.00   0.00   63.88     7.08    0.16      0.00     0.00   0.00   48.34     4.57    0.00      0.00     0.00   0.00    0.00     0.00    0.00    0.00    0.02   0.11
md0              0.03      0.00     0.00   0.00   26.67     5.08    0.00      0.00     0.00   0.00   41.00     4.00    0.00      0.00     0.00   0.00    0.00     0.00    0.00    0.00    0.00   0.02
md1             18.26      1.11     0.00   0.00   24.73    62.23   20.90      1.85     0.00   0.00    0.10    90.44    0.00      0.00     0.00   0.00    0.00     0.00    0.00    0.00    0.45   0.09
nvme0n1          4.48      0.28     0.00   0.00    9.96    63.30    5.19      0.46     0.03   0.49    0.08    91.05    0.00      0.00     0.00   0.00    0.00     0.00    0.00    0.00    0.05   0.03
nvme1n1          4.53      0.28     0.29   6.02   24.66    62.98    5.19      0.46     0.06   1.10    0.08    91.07    0.00      0.00     0.00   0.00    0.00     0.00    0.00    0.00    0.11   0.03
nvme2n1          4.48      0.28     0.00   0.00   33.62    63.30    5.19      0.46     0.03   0.50    0.08    91.04    0.00      0.00     0.00   0.00    0.00     0.00    0.00    0.00    0.15   0.03
nvme3n1          4.48      0.28     0.00   0.00   32.22    63.31    5.19      0.46     0.03   0.52    0.15    91.00    0.00      0.00     0.00   0.00    0.00     0.00    0.00    0.00    0.15   0.06
sda              0.36      0.01     0.15  29.55   21.77    26.70    0.37      0.01     0.30  44.84   52.17    20.71    0.00      0.00     0.00   0.00    0.00     0.00    0.13   80.68    0.04   1.17
sdb              0.02      0.00     0.01  18.14   30.00     6.21    0.00      0.00     0.00   0.00   41.00     4.00    0.00      0.00     0.00   0.00    0.00     0.00    0.00   40.00    0.00   0.02
sdg              0.01      0.00     0.00   2.46    1.05    13.27    0.00      0.00     0.00   0.00    1.00     0.50    0.00      0.00     0.00   0.00    0.00     0.00    0.00    0.00    0.00   0.00


avg-cpu:  %user   %nice %system %iowait  %steal   %idle
          53.47    0.00    0.11    0.00    0.00   46.42

Device            r/s     rMB/s   rrqm/s  %rrqm r_await rareq-sz     w/s     wMB/s   wrqm/s  %wrqm w_await wareq-sz     d/s     dMB/s   drqm/s  %drqm d_await dareq-sz     f/s f_await  aqu-sz  %util
dm-0             0.00      0.00     0.00   0.00    0.00     0.00    0.00      0.00     0.00   0.00    0.00     0.00    0.00      0.00     0.00   0.00    0.00     0.00    0.00    0.00    0.00   0.00
dm-1             0.00      0.00     0.00   0.00    0.00     0.00    0.00      0.00     0.00   0.00    0.00     0.00    0.00      0.00     0.00   0.00    0.00     0.00    0.00    0.00    0.00   0.00
dm-2             0.00      0.00     0.00   0.00    0.00     0.00    0.00      0.00     0.00   0.00    0.00     0.00    0.00      0.00     0.00   0.00    0.00     0.00    0.00    0.00    0.00   0.00
md0              0.00      0.00     0.00   0.00    0.00     0.00    0.00      0.00     0.00   0.00    0.00     0.00    0.00      0.00     0.00   0.00    0.00     0.00    0.00    0.00    0.00   0.00
md1              0.00      0.00     0.00   0.00    0.00     0.00    0.00      0.00     0.00   0.00    0.00     0.00    0.00      0.00     0.00   0.00    0.00     0.00    0.00    0.00    0.00   0.00
nvme0n1          0.00      0.00     0.00   0.00    0.00     0.00    0.00      0.00     0.00   0.00    0.00     0.00    0.00      0.00     0.00   0.00    0.00     0.00    0.00    0.00    0.00   0.00
nvme1n1          0.00      0.00     0.00   0.00    0.00     0.00    0.00      0.00     0.00   0.00    0.00     0.00    0.00      0.00     0.00   0.00    0.00     0.00    0.00    0.00    0.00   0.00
nvme2n1          0.00      0.00     0.00   0.00    0.00     0.00    0.00      0.00     0.00   0.00    0.00     0.00    0.00      0.00     0.00   0.00    0.00     0.00    0.00    0.00    0.00   0.00
nvme3n1          0.00      0.00     0.00   0.00    0.00     0.00    0.00      0.00     0.00   0.00    0.00     0.00    0.00      0.00     0.00   0.00    0.00     0.00    0.00    0.00    0.00   0.00
sda              0.00      0.00     0.00   0.00    0.00     0.00    0.00      0.00     0.00   0.00    0.00     0.00    0.00      0.00     0.00   0.00    0.00     0.00    0.00    0.00    0.00   0.00
sdb              0.00      0.00     0.00   0.00    0.00     0.00    0.00      0.00     0.00   0.00    0.00     0.00    0.00      0.00     0.00   0.00    0.00     0.00    0.00    0.00    0.00   0.00
sdg              0.00      0.00     0.00   0.00    0.00     0.00    0.00      0.00     0.00   0.00    0.00     0.00    0.00      0.00     0.00   0.00    0.00     0.00    0.00    0.00    0.00   0.00


avg-cpu:  %user   %nice %system %iowait  %steal   %idle
           2.15    0.00    8.18   31.44    0.00   58.23

Device            r/s     rMB/s   rrqm/s  %rrqm r_await rareq-sz     w/s     wMB/s   wrqm/s  %wrqm w_await wareq-sz     d/s     dMB/s   drqm/s  %drqm d_await dareq-sz     f/s f_await  aqu-sz  %util
dm-0             0.00      0.00     0.00   0.00    0.00     0.00    0.00      0.00     0.00   0.00    0.00     0.00    0.00      0.00     0.00   0.00    0.00     0.00    0.00    0.00    0.00   0.00
dm-1             0.00      0.00     0.00   0.00    0.00     0.00    0.00      0.00     0.00   0.00    0.00     0.00    0.00      0.00     0.00   0.00    0.00     0.00    0.00    0.00    0.00   0.00
dm-2             0.00      0.00     0.00   0.00    0.00     0.00    0.00      0.00     0.00   0.00    0.00     0.00    0.00      0.00     0.00   0.00    0.00     0.00    0.00    0.00    0.00   0.00
md0              0.00      0.00     0.00   0.00    0.00     0.00    0.00      0.00     0.00   0.00    0.00     0.00    0.00      0.00     0.00   0.00    0.00     0.00    0.00    0.00    0.00   0.00
md1              0.00      0.00     0.00   0.00    0.00     0.00 109989.00   6874.31     0.00   0.00  141.55    64.00    0.00      0.00     0.00   0.00    0.00     0.00    0.00    0.00 15568.89  64.50
nvme0n1          0.00      0.00     0.00   0.00    0.00     0.00 27189.00   1699.31     0.00   0.00  143.97    64.00    0.00      0.00     0.00   0.00    0.00     0.00    0.00    0.00 3914.38  63.40
nvme1n1          0.00      0.00     0.00   0.00    0.00     0.00 27494.00   1718.38     0.00   0.00  150.09    64.00    0.00      0.00     0.00   0.00    0.00     0.00    0.00    0.00 4126.60  64.10
nvme2n1          0.00      0.00     0.00   0.00    0.00     0.00 27356.00   1709.75     0.00   0.00  139.01    64.00    0.00      0.00     0.00   0.00    0.00     0.00    0.00    0.00 3802.85  63.80
nvme3n1          0.00      0.00     0.00   0.00    0.00     0.00 27263.00   1703.94     0.00   0.00  134.07    64.00    0.00      0.00     0.00   0.00    0.00     0.00    0.00    0.00 3655.22  63.60
sda              0.00      0.00     0.00   0.00    0.00     0.00    0.00      0.00     0.00   0.00    0.00     0.00    0.00      0.00     0.00   0.00    0.00     0.00    0.00    0.00    0.00   0.00
sdb              0.00      0.00     0.00   0.00    0.00     0.00    0.00      0.00     0.00   0.00    0.00     0.00    0.00      0.00     0.00   0.00    0.00     0.00    0.00    0.00    0.00   0.00
sdg              0.00      0.00     0.00   0.00    0.00     0.00    0.00      0.00     0.00   0.00    0.00     0.00    0.00      0.00     0.00   0.00    0.00     0.00    0.00    0.00    0.00   0.00


avg-cpu:  %user   %nice %system %iowait  %steal   %idle
           2.11    0.00    9.01   55.54    0.00   33.34

Device            r/s     rMB/s   rrqm/s  %rrqm r_await rareq-sz     w/s     wMB/s   wrqm/s  %wrqm w_await wareq-sz     d/s     dMB/s   drqm/s  %drqm d_await dareq-sz     f/s f_await  aqu-sz  %util
dm-0             0.00      0.00     0.00   0.00    0.00     0.00    3.00      0.01     0.00   0.00    0.00     4.00    0.00      0.00     0.00   0.00    0.00     0.00    0.00    0.00    0.00  11.40
dm-1             0.00      0.00     0.00   0.00    0.00     0.00    0.00      0.00     0.00   0.00    0.00     0.00    0.00      0.00     0.00   0.00    0.00     0.00    0.00    0.00    0.00   0.00
dm-2             0.00      0.00     0.00   0.00    0.00     0.00    0.00      0.00     0.00   0.00    0.00     0.00    0.00      0.00     0.00   0.00    0.00     0.00    0.00    0.00    0.00   0.00
md0              0.00      0.00     0.00   0.00    0.00     0.00    0.00      0.00     0.00   0.00    0.00     0.00    0.00      0.00     0.00   0.00    0.00     0.00    0.00    0.00    0.00   0.00
md1              0.00      0.00     0.00   0.00    0.00     0.00 171524.00  10720.25     0.00   0.00  180.76    64.00    0.00      0.00     0.00   0.00    0.00     0.00    0.00    0.00 31004.92  99.90
nvme0n1          0.00      0.00     0.00   0.00    0.00     0.00 42890.00   2680.62     0.00   0.00  186.39    64.00    0.00      0.00     0.00   0.00    0.00     0.00    0.00    0.00 7994.25 100.00
nvme1n1          0.00      0.00     0.00   0.00    0.00     0.00 42891.00   2680.69     0.00   0.00  196.20    64.00    0.00      0.00     0.00   0.00    0.00     0.00    0.00    0.00 8415.38 100.00
nvme2n1          0.00      0.00     0.00   0.00    0.00     0.00 42891.00   2680.69     0.00   0.00  175.79    64.00    0.00      0.00     0.00   0.00    0.00     0.00    0.00    0.00 7539.95 100.00
nvme3n1          0.00      0.00     0.00   0.00    0.00     0.00 42891.00   2680.69     0.00   0.00  166.04    64.00    0.00      0.00     0.00   0.00    0.00     0.00    0.00    0.00 7121.74 100.00
sda              0.00      0.00     0.00   0.00    0.00     0.00    2.00      0.01     1.00  33.33    1.00     6.00    0.00      0.00     0.00   0.00    0.00     0.00    0.00    0.00    0.00   0.00
sdb              0.00      0.00     0.00   0.00    0.00     0.00    0.00      0.00     0.00   0.00    0.00     0.00    0.00      0.00     0.00   0.00    0.00     0.00    0.00    0.00    0.00   0.00
sdg              0.00      0.00     0.00   0.00    0.00     0.00    0.00      0.00     0.00   0.00    0.00     0.00    0.00      0.00     0.00   0.00    0.00     0.00    0.00    0.00    0.00   0.00


avg-cpu:  %user   %nice %system %iowait  %steal   %idle
           2.03    0.00    9.31   54.57    0.00   34.09

Device            r/s     rMB/s   rrqm/s  %rrqm r_await rareq-sz     w/s     wMB/s   wrqm/s  %wrqm w_await wareq-sz     d/s     dMB/s   drqm/s  %drqm d_await dareq-sz     f/s f_await  aqu-sz  %util
dm-0             0.00      0.00     0.00   0.00    0.00     0.00    2.00      0.00     0.00   0.00  405.50     2.00    0.00      0.00     0.00   0.00    0.00     0.00    0.00    0.00    0.81  69.70
dm-1             0.00      0.00     0.00   0.00    0.00     0.00    0.00      0.00     0.00   0.00    0.00     0.00    0.00      0.00     0.00   0.00    0.00     0.00    0.00    0.00    0.00   0.00
dm-2             0.00      0.00     0.00   0.00    0.00     0.00   18.00      0.07     0.00   0.00  183.44     3.78    0.00      0.00     0.00   0.00    0.00     0.00    0.00    0.00    3.30  25.70
md0              0.00      0.00     0.00   0.00    0.00     0.00    0.00      0.00     0.00   0.00    0.00     0.00    0.00      0.00     0.00   0.00    0.00     0.00    0.00    0.00    0.00   0.00
md1              0.00      0.00     0.00   0.00    0.00     0.00 170912.00  10682.00     0.00   0.00  168.93    64.00    0.00      0.00     0.00   0.00    0.00     0.00    0.00    0.00 28872.15  99.70
nvme0n1          0.00      0.00     0.00   0.00    0.00     0.00 42805.00   2675.31     0.00   0.00  174.95    64.00    0.00      0.00     0.00   0.00    0.00     0.00    0.00    0.00 7488.70  99.70
nvme1n1          0.00      0.00     0.00   0.00    0.00     0.00 42719.00   2669.94     0.00   0.00  182.53    64.00    0.00      0.00     0.00   0.00    0.00     0.00    0.00    0.00 7797.56  99.60
nvme2n1          0.00      0.00     0.00   0.00    0.00     0.00 42719.00   2669.94     0.00   0.00  167.23    64.00    0.00      0.00     0.00   0.00    0.00     0.00    0.00    0.00 7143.96  99.60
nvme3n1          0.00      0.00     0.00   0.00    0.00     0.00 42762.00   2672.62     0.00   0.00  152.58    64.00    0.00      0.00     0.00   0.00    0.00     0.00    0.00    0.00 6524.54  99.70
sda              0.00      0.00     0.00   0.00    0.00     0.00    5.00      0.07    15.00  75.00  213.40    14.40    0.00      0.00     0.00   0.00    0.00     0.00    5.00  167.60    1.91  25.70
sdb              0.00      0.00     0.00   0.00    0.00     0.00    0.00      0.00     0.00   0.00    0.00     0.00    0.00      0.00     0.00   0.00    0.00     0.00    0.00    0.00    0.00   0.00
sdg              0.00      0.00     0.00   0.00    0.00     0.00    0.00      0.00     0.00   0.00    0.00     0.00    0.00      0.00     0.00   0.00    0.00     0.00    0.00    0.00    0.00   0.00

