   7       0 loop0 0 0 0 0 0 0 0 0 0 0 0 0 0 0 0 0 0
   7       1 loop1 0 0 0 0 0 0 0 0 0 0 0 0 0 0 0 0 0
   7       2 loop2 0 0 0 0 0 0 0 0 0 0 0 0 0 0 0 0 0
   7       3 loop3 0 0 0 0 0 0 0 0 0 0 0 0 0 0 0 0 0
   7       4 loop4 0 0 0 0 0 0 0 0 0 0 0 0 0 0 0 0 0
   7       5 loop5 0 0 0 0 0 0 0 0 0 0 0 0 0 0 0 0 0
   7       6 loop6 0 0 0 0 0 0 0 0 0 0 0 0 0 0 0 0 0
   7       7 loop7 0 0 0 0 0 0 0 0 0 0 0 0 0 0 0 0 0
   8       0 sda 34716 13410 1856634 579871 9726 11874 548922 355412 0 257772 1121827 0 0 0 0 2391 186543
   8       1 sda1 167 2146 19346 1105 3 0 10 4 0 909 1110 0 0 0 0 0 0
   8       2 sda2 140 35 9938 4063 37 18 376 3571 0 6067 7635 0 0 0 0 0 0
   8       3 sda3 34309 11229 1822774 571564 9686 11856 548536 351836 0 397205 923400 0 0 0 0 0 0
   8      16 sdb 2090 463 25970 65225 1 0 8 30 0 15159 65285 0 0 0 0 1 29
   9       0 md0 2480 0 25194 68138 1 0 8 31 0 15006 68169 0 0 0 0 0 0
 259       0 nvme3n1 6292552 16 50400480 1959298 6495734 131088 101764096 132160 0 158809 2091458 0 0 0 0 0 0
 259       1 nvme2n1 6292577 0 50397912 1265519 6495798 131142 101764576 100276 0 131482 1365796 0 0 0 0 0 0
 259       2 nvme1n1 6292558 2 50397976 1075865 6495450 131118 101764288 100435 0 131490 1176301 0 0 0 0 0 0
 259       3 nvme0n1 6296227 26008 50638234 70770441 6495941 137890 101822272 110338 0 131269 70880780 0 0 0 0 0 0
   9     127 md127 25199646 0 201831482 75107114 26514161 0 407115232 536993 0 363619 75644107 0 0 0 0 0 0
 252       0 dm-0 21096 0 1381322 890994 14237 0 442200 340793 0 319076 1231787 0 0 0 0 0 0
 252       1 dm-1 593 0 17250 13792 380 0 2792 13572 0 14360 27364 0 0 0 0 0 0
 252       2 dm-2 23806 0 422394 320683 6817 0 103544 104577 0 123482 425260 0 0 0 0 0 0
 251       0 zram0 189 0 4896 1 1331 0 10648 2 0 3 3 0 0 0 0 0 0
 251       1 zram1 189 0 4896 0 1331 0 10648 7 0 7 7 0 0 0 0 0 0
 251       2 zram2 189 0 4896 0 1331 0 10648 1 0 1 1 0 0 0 0 0 0
