   7       0 loop0 0 0 0 0 0 0 0 0 0 0 0 0 0 0 0 0 0
   7       1 loop1 0 0 0 0 0 0 0 0 0 0 0 0 0 0 0 0 0
   7       2 loop2 0 0 0 0 0 0 0 0 0 0 0 0 0 0 0 0 0
   7       3 loop3 0 0 0 0 0 0 0 0 0 0 0 0 0 0 0 0 0
   7       4 loop4 0 0 0 0 0 0 0 0 0 0 0 0 0 0 0 0 0
   7       5 loop5 0 0 0 0 0 0 0 0 0 0 0 0 0 0 0 0 0
   7       6 loop6 0 0 0 0 0 0 0 0 0 0 0 0 0 0 0 0 0
   7       7 loop7 0 0 0 0 0 0 0 0 0 0 0 0 0 0 0 0 0
   8       0 sda 34716 13410 1856634 579871 9765 11928 550986 356663 0 258941 1124232 0 0 0 0 2400 187697
   8       1 sda1 167 2146 19346 1105 3 0 10 4 0 909 1110 0 0 0 0 0 0
   8       2 sda2 140 35 9938 4063 37 18 376 3571 0 6067 7635 0 0 0 0 0 0
   8       3 sda3 34309 11229 1822774 571564 9725 11910 550600 353087 0 398375 924651 0 0 0 0 0 0
   8      16 sdb 2090 463 25970 65225 1 0 8 30 0 15159 65285 0 0 0 0 1 29
   9       0 md0 2480 0 25194 68138 1 0 8 31 0 15006 68169 0 0 0 0 0 0
 259       0 nvme3n1 6292552 16 50400480 1959298 6495738 131212 101765120 132162 0 158810 2091460 0 0 0 0 0 0
 259       1 nvme2n1 6292577 0 50397912 1265519 6495802 131266 101765600 100281 0 131487 1365800 0 0 0 0 0 0
 259       2 nvme1n1 6292558 2 50397976 1075865 6495458 131304 101765840 100441 0 131496 1176307 0 0 0 0 0 0
 259       3 nvme0n1 6296227 26008 50638234 70770441 6495987 138301 101825928 110361 0 131274 70880803 0 0 0 0 0 0
   9     127 md127 25199646 0 201831482 75107114 26515068 0 407122488 537479 0 363635 75644593 0 0 0 0 0 0
 252       0 dm-0 21096 0 1381322 890994 14238 0 442208 340793 0 319076 1231787 0 0 0 0 0 0
 252       1 dm-1 593 0 17250 13792 380 0 2792 13572 0 14360 27364 0 0 0 0 0 0
 252       2 dm-2 23806 0 422394 320683 6909 0 105600 105911 0 124653 426594 0 0 0 0 0 0
 251       0 zram0 189 0 4896 1 1331 0 10648 2 0 3 3 0 0 0 0 0 0
 251       1 zram1 189 0 4896 0 1331 0 10648 7 0 7 7 0 0 0 0 0 0
 251       2 zram2 189 0 4896 0 1331 0 10648 1 0 1 1 0 0 0 0 0 0
