   7       0 loop0 0 0 0 0 0 0 0 0 0 0 0 0 0 0 0 0 0
   7       1 loop1 0 0 0 0 0 0 0 0 0 0 0 0 0 0 0 0 0
   7       2 loop2 0 0 0 0 0 0 0 0 0 0 0 0 0 0 0 0 0
   7       3 loop3 0 0 0 0 0 0 0 0 0 0 0 0 0 0 0 0 0
   7       4 loop4 0 0 0 0 0 0 0 0 0 0 0 0 0 0 0 0 0
   7       5 loop5 0 0 0 0 0 0 0 0 0 0 0 0 0 0 0 0 0
   7       6 loop6 0 0 0 0 0 0 0 0 0 0 0 0 0 0 0 0 0
   7       7 loop7 0 0 0 0 0 0 0 0 0 0 0 0 0 0 0 0 0
   8       0 sda 32028 13435 1710378 697378 34226 27899 1404186 1832735 0 1096120 3545849 0 0 0 0 12397 1015735
   8       1 sda1 171 2158 19362 1518 2 0 2 1 0 951 1519 0 0 0 0 0 0
   8       2 sda2 134 33 9106 2421 20 14 248 1947 0 3767 4368 0 0 0 0 0 0
   8       3 sda3 31623 11244 1677334 689769 34204 27885 1403936 1830786 0 1307473 2520556 0 0 0 0 0 0
   8      16 sdb 2090 463 25970 62710 1 0 8 41 0 14786 62792 0 0 0 0 1 40
   9       0 md0 2480 0 25194 66149 1 0 8 41 0 14646 66190 0 0 0 0 0 0
 259       0 nvme1n1 1057179 25752 134500506 17468902 1052946 9774 201410936 46313531 0 50499 63782433 0 0 0 0 0 0
 259       1 nvme0n1 1053281 0 134259496 9148655 1052578 4223 201362592 45737753 0 50247 54886408 0 0 0 0 0 0
 259       2 nvme3n1 1053186 15 134261752 27632628 1053051 4487 201363536 42823731 0 116166 70456360 0 0 0 0 0 0
 259       3 nvme2n1 1053278 0 134259472 26567575 1052687 4264 201361832 44697303 0 49898 71264879 0 0 0 0 0 0
   9       1 md1 4242397 0 537278106 80837373 4234010 0 805498896 179447288 0 157528 260284661 0 0 0 0 0 0
 252       0 dm-0 20755 0 1357354 421191 43227 0 1220896 1896572 0 2200795 2317763 0 0 0 0 0 0
 252       1 dm-1 239 0 8810 4620 2224 0 16248 65017 0 45270 69637 0 0 0 0 0 0
 252       2 dm-2 21833 0 309362 1394643 16348 0 166792 799375 0 157441 2194018 0 0 0 0 0 0
   8      32 sdc 0 0 0 0 0 0 0 0 0 0 0 0 0 0 0 0 0
   8      48 sdd 0 0 0 0 0 0 0 0 0 0 0 0 0 0 0 0 0
   8      64 sde 0 0 0 0 0 0 0 0 0 0 0 0 0 0 0 0 0
   8      80 sdf 0 0 0 0 0 0 0 0 0 0 0 0 0 0 0 0 0
  11       0 sr0 0 0 0 0 0 0 0 0 0 0 0 0 0 0 0 0 0
   8      96 sdg 476 12 12632 502 2 0 2 2 0 373 505 0 0 0 0 0 0
   8      97 sdg1 88 0 6520 166 0 0 0 0 0 146 166 0 0 0 0 0 0
   8      98 sdg2 310 12 3448 264 2 0 2 2 0 248 267 0 0 0 0 0 0
  11       1 sr1 0 0 0 0 0 0 0 0 0 0 0 0 0 0 0 0 0
  11       2 sr2 0 0 0 0 0 0 0 0 0 0 0 0 0 0 0 0 0
  11       3 sr3 0 0 0 0 0 0 0 0 0 0 0 0 0 0 0 0 0
