   7       0 loop0 0 0 0 0 0 0 0 0 0 0 0 0 0 0 0 0 0
   7       1 loop1 0 0 0 0 0 0 0 0 0 0 0 0 0 0 0 0 0
   7       2 loop2 0 0 0 0 0 0 0 0 0 0 0 0 0 0 0 0 0
   7       3 loop3 0 0 0 0 0 0 0 0 0 0 0 0 0 0 0 0 0
   7       4 loop4 0 0 0 0 0 0 0 0 0 0 0 0 0 0 0 0 0
   7       5 loop5 0 0 0 0 0 0 0 0 0 0 0 0 0 0 0 0 0
   7       6 loop6 0 0 0 0 0 0 0 0 0 0 0 0 0 0 0 0 0
   7       7 loop7 0 0 0 0 0 0 0 0 0 0 0 0 0 0 0 0 0
   8       0 sda 32028 13435 1710378 697378 33976 27604 1391410 1808907 0 1083156 3507663 0 0 0 0 12293 1001377
   8       1 sda1 171 2158 19362 1518 2 0 2 1 0 951 1519 0 0 0 0 0 0
   8       2 sda2 134 33 9106 2421 20 14 248 1947 0 3767 4368 0 0 0 0 0 0
   8       3 sda3 31623 11244 1677334 689769 33954 27590 1391160 1806958 0 1293037 2496728 0 0 0 0 0 0
   8      16 sdb 2090 463 25970 62710 1 0 8 41 0 14786 62792 0 0 0 0 1 40
   9       0 md0 2480 0 25194 66149 1 0 8 41 0 14646 66190 0 0 0 0 0 0
 259       0 nvme1n1 663963 25752 84168858 17451636 856119 7930 151063264 46285255 0 37614 63736892 0 0 0 0 0 0
 259       1 nvme0n1 660065 0 83927848 9131634 855864 3758 151026848 45710148 0 37440 54841782 0 0 0 0 0 0
 259       2 nvme3n1 659970 15 83930104 27615558 856356 4092 151028768 42776781 0 83859 70392339 0 0 0 0 0 0
 259       3 nvme2n1 660062 0 83927824 26550355 855984 3863 151026792 44669843 0 36774 71220198 0 0 0 0 0 0
   9       1 md1 2669533 0 335951514 80768489 3443966 0 604145672 179314852 0 113868 260083341 0 0 0 0 0 0
 252       0 dm-0 20755 0 1357354 421191 43192 0 1220664 1895769 0 2200212 2316960 0 0 0 0 0 0
 252       1 dm-1 239 0 8810 4620 2224 0 16248 65017 0 45270 69637 0 0 0 0 0 0
 252       2 dm-2 21833 0 309362 1394643 15838 0 154248 774212 0 143345 2168855 0 0 0 0 0 0
   8      32 sdc 0 0 0 0 0 0 0 0 0 0 0 0 0 0 0 0 0
   8      48 sdd 0 0 0 0 0 0 0 0 0 0 0 0 0 0 0 0 0
   8      64 sde 0 0 0 0 0 0 0 0 0 0 0 0 0 0 0 0 0
   8      80 sdf 0 0 0 0 0 0 0 0 0 0 0 0 0 0 0 0 0
  11       0 sr0 0 0 0 0 0 0 0 0 0 0 0 0 0 0 0 0 0
   8      96 sdg 476 12 12632 502 2 0 2 2 0 373 505 0 0 0 0 0 0
   8      97 sdg1 88 0 6520 166 0 0 0 0 0 146 166 0 0 0 0 0 0
   8      98 sdg2 310 12 3448 264 2 0 2 2 0 248 267 0 0 0 0 0 0
  11       1 sr1 0 0 0 0 0 0 0 0 0 0 0 0 0 0 0 0 0
  11       2 sr2 0 0 0 0 0 0 0 0 0 0 0 0 0 0 0 0 0
  11       3 sr3 0 0 0 0 0 0 0 0 0 0 0 0 0 0 0 0 0
