   7       0 loop0 0 0 0 0 0 0 0 0 0 0 0 0 0 0 0 0 0
   7       1 loop1 0 0 0 0 0 0 0 0 0 0 0 0 0 0 0 0 0
   7       2 loop2 0 0 0 0 0 0 0 0 0 0 0 0 0 0 0 0 0
   7       3 loop3 0 0 0 0 0 0 0 0 0 0 0 0 0 0 0 0 0
   7       4 loop4 0 0 0 0 0 0 0 0 0 0 0 0 0 0 0 0 0
   7       5 loop5 0 0 0 0 0 0 0 0 0 0 0 0 0 0 0 0 0
   7       6 loop6 0 0 0 0 0 0 0 0 0 0 0 0 0 0 0 0 0
   7       7 loop7 0 0 0 0 0 0 0 0 0 0 0 0 0 0 0 0 0
   8       0 sda 34716 13410 1856634 579871 9869 12065 555730 370327 0 265589 1145725 0 0 0 0 2438 195526
   8       1 sda1 167 2146 19346 1105 3 0 10 4 0 909 1110 0 0 0 0 0 0
   8       2 sda2 140 35 9938 4063 37 18 376 3571 0 6067 7635 0 0 0 0 0 0
   8       3 sda3 34309 11229 1822774 571564 9829 12047 555344 366751 0 406392 938315 0 0 0 0 0 0
   8      16 sdb 2090 463 25970 65225 1 0 8 30 0 15159 65285 0 0 0 0 1 29
   9       0 md0 2480 0 25194 68138 1 0 8 31 0 15006 68169 0 0 0 0 0 0
 259       0 nvme3n1 8389704 16 67177696 17652602 6563486 132522 118548480 149024 0 171584 17801626 0 0 0 0 0 0
 259       1 nvme2n1 8389729 0 67175128 18353812 6563361 132081 118548960 108907 0 135973 18462720 0 0 0 0 0 0
 259       2 nvme1n1 8389710 2 67175192 22458266 6562898 131982 118549088 109072 0 135999 22567338 0 0 0 0 0 0
 259       3 nvme0n1 8393379 26008 67415450 88745429 6563402 139231 118611576 119273 0 135881 88864702 0 0 0 0 0 0
   9     127 md127 33588254 0 268940346 147251028 26788963 0 474258104 582420 0 376945 147833448 0 0 0 0 0 0
 252       0 dm-0 21096 0 1381322 890994 14249 0 442280 341528 0 319497 1232522 0 0 0 0 0 0
 252       1 dm-1 593 0 17250 13792 380 0 2792 13572 0 14360 27364 0 0 0 0 0 0
 252       2 dm-2 23806 0 422394 320683 7139 0 110272 121756 0 132590 442439 0 0 0 0 0 0
 251       0 zram0 189 0 4896 1 1331 0 10648 2 0 3 3 0 0 0 0 0 0
 251       1 zram1 189 0 4896 0 1331 0 10648 7 0 7 7 0 0 0 0 0 0
 251       2 zram2 189 0 4896 0 1331 0 10648 1 0 1 1 0 0 0 0 0 0
