Linux 6.8.0-85-generic (raven4) 	10/24/2025 	_x86_64_	(256 CPU)

avg-cpu:  %user   %nice %system %iowait  %steal   %idle
           0.00    0.00    0.00    0.01    0.00   99.98

Device            r/s     rMB/s   rrqm/s  %rrqm r_await rareq-sz     w/s     wMB/s   wrqm/s  %wrqm w_await wareq-sz     d/s     dMB/s   drqm/s  %drqm d_await dareq-sz     f/s f_await  aqu-sz  %util
dm-0             0.23      0.01     0.00   0.00   20.29    32.70    0.48      0.01     0.00   0.00   43.66    14.26    0.00      0.00     0.00   0.00    0.00     0.00    0.00    0.00    0.03   2.47
dm-1             0.00      0.00     0.00   0.00   19.33    18.43    0.02      0.00     0.00   0.00   29.26     3.65    0.00      0.00     0.00   0.00    0.00     0.00    0.00    0.00    0.00   0.05
dm-2             0.25      0.00     0.00   0.00   63.88     7.08    0.16      0.00     0.00   0.00   49.10     4.32    0.00      0.00     0.00   0.00    0.00     0.00    0.00    0.00    0.02   0.10
md0              0.03      0.00     0.00   0.00   26.67     5.08    0.00      0.00     0.00   0.00   41.00     4.00    0.00      0.00     0.00   0.00    0.00     0.00    0.00    0.00    0.00   0.02
md1             12.37      0.74     0.00   0.00    0.09    61.38   11.88      1.11     0.00   0.00    0.12    95.63    0.00      0.00     0.00   0.00    0.00     0.00    0.00    0.00    0.00   0.06
nvme0n1          3.01      0.19     0.00   0.00    0.07    62.95    2.96      0.28     0.01   0.18    0.09    95.99    0.00      0.00     0.00   0.00    0.00     0.00    0.00    0.00    0.00   0.02
nvme1n1          3.05      0.19     0.29   8.69    0.08    62.49    2.96      0.28     0.02   0.82    0.09    95.95    0.00      0.00     0.00   0.00    0.00     0.00    0.00    0.00    0.00   0.02
nvme2n1          3.01      0.19     0.00   0.00    0.07    62.95    2.96      0.28     0.01   0.19    0.09    96.00    0.00      0.00     0.00   0.00    0.00     0.00    0.00    0.00    0.00   0.02
nvme3n1          3.01      0.19     0.00   0.01    0.07    62.98    2.96      0.28     0.01   0.26    0.18    95.99    0.00      0.00     0.00   0.00    0.00     0.00    0.00    0.00    0.00   0.04
sda              0.36      0.01     0.15  29.55   21.77    26.70    0.37      0.01     0.30  44.74   52.28    20.68    0.00      0.00     0.00   0.00    0.00     0.00    0.13   80.68    0.04   1.16
sdb              0.02      0.00     0.01  18.14   30.00     6.21    0.00      0.00     0.00   0.00   41.00     4.00    0.00      0.00     0.00   0.00    0.00     0.00    0.00   40.00    0.00   0.02
sdg              0.01      0.00     0.00   2.46    1.05    13.27    0.00      0.00     0.00   0.00    1.00     0.50    0.00      0.00     0.00   0.00    0.00     0.00    0.00    0.00    0.00   0.00


avg-cpu:  %user   %nice %system %iowait  %steal   %idle
          58.78    0.00    0.09    0.00    0.00   41.12

Device            r/s     rMB/s   rrqm/s  %rrqm r_await rareq-sz     w/s     wMB/s   wrqm/s  %wrqm w_await wareq-sz     d/s     dMB/s   drqm/s  %drqm d_await dareq-sz     f/s f_await  aqu-sz  %util
dm-0             0.00      0.00     0.00   0.00    0.00     0.00    0.00      0.00     0.00   0.00    0.00     0.00    0.00      0.00     0.00   0.00    0.00     0.00    0.00    0.00    0.00   0.00
dm-1             0.00      0.00     0.00   0.00    0.00     0.00    0.00      0.00     0.00   0.00    0.00     0.00    0.00      0.00     0.00   0.00    0.00     0.00    0.00    0.00    0.00   0.00
dm-2             0.00      0.00     0.00   0.00    0.00     0.00    0.00      0.00     0.00   0.00    0.00     0.00    0.00      0.00     0.00   0.00    0.00     0.00    0.00    0.00    0.00   0.00
md0              0.00      0.00     0.00   0.00    0.00     0.00    0.00      0.00     0.00   0.00    0.00     0.00    0.00      0.00     0.00   0.00    0.00     0.00    0.00    0.00    0.00   0.00
md1              0.00      0.00     0.00   0.00    0.00     0.00    0.00      0.00     0.00   0.00    0.00     0.00    0.00      0.00     0.00   0.00    0.00     0.00    0.00    0.00    0.00   0.00
nvme0n1          0.00      0.00     0.00   0.00    0.00     0.00    0.00      0.00     0.00   0.00    0.00     0.00    0.00      0.00     0.00   0.00    0.00     0.00    0.00    0.00    0.00   0.00
nvme1n1          0.00      0.00     0.00   0.00    0.00     0.00    0.00      0.00     0.00   0.00    0.00     0.00    0.00      0.00     0.00   0.00    0.00     0.00    0.00    0.00    0.00   0.00
nvme2n1          0.00      0.00     0.00   0.00    0.00     0.00    0.00      0.00     0.00   0.00    0.00     0.00    0.00      0.00     0.00   0.00    0.00     0.00    0.00    0.00    0.00   0.00
nvme3n1          0.00      0.00     0.00   0.00    0.00     0.00    0.00      0.00     0.00   0.00    0.00     0.00    0.00      0.00     0.00   0.00    0.00     0.00    0.00    0.00    0.00   0.00
sda              0.00      0.00     0.00   0.00    0.00     0.00    0.00      0.00     0.00   0.00    0.00     0.00    0.00      0.00     0.00   0.00    0.00     0.00    0.00    0.00    0.00   0.00
sdb              0.00      0.00     0.00   0.00    0.00     0.00    0.00      0.00     0.00   0.00    0.00     0.00    0.00      0.00     0.00   0.00    0.00     0.00    0.00    0.00    0.00   0.00
sdg              0.00      0.00     0.00   0.00    0.00     0.00    0.00      0.00     0.00   0.00    0.00     0.00    0.00      0.00     0.00   0.00    0.00     0.00    0.00    0.00    0.00   0.00


avg-cpu:  %user   %nice %system %iowait  %steal   %idle
           0.14    0.00    0.40    0.07    0.00   99.39

Device            r/s     rMB/s   rrqm/s  %rrqm r_await rareq-sz     w/s     wMB/s   wrqm/s  %wrqm w_await wareq-sz     d/s     dMB/s   drqm/s  %drqm d_await dareq-sz     f/s f_await  aqu-sz  %util
dm-0             0.00      0.00     0.00   0.00    0.00     0.00    0.00      0.00     0.00   0.00    0.00     0.00    0.00      0.00     0.00   0.00    0.00     0.00    0.00    0.00    0.00   0.00
dm-1             0.00      0.00     0.00   0.00    0.00     0.00    0.00      0.00     0.00   0.00    0.00     0.00    0.00      0.00     0.00   0.00    0.00     0.00    0.00    0.00    0.00   0.00
dm-2             0.00      0.00     0.00   0.00    0.00     0.00   20.00      0.07     0.00   0.00   10.85     3.80    0.00      0.00     0.00   0.00    0.00     0.00    0.00    0.00    0.22  18.30
md0              0.00      0.00     0.00   0.00    0.00     0.00    0.00      0.00     0.00   0.00    0.00     0.00    0.00      0.00     0.00   0.00    0.00     0.00    0.00    0.00    0.00   0.00
md1              0.00      0.00     0.00   0.00    0.00     0.00 30944.00   1934.00     0.00   0.00    0.03    64.00    0.00      0.00     0.00   0.00    0.00     0.00    0.00    0.00    0.95  76.40
nvme0n1          0.00      0.00     0.00   0.00    0.00     0.00 7642.00    477.62     0.00   0.00    0.03    64.00    0.00      0.00     0.00   0.00    0.00     0.00    0.00    0.00    0.22  21.70
nvme1n1          0.00      0.00     0.00   0.00    0.00     0.00 7897.00    493.56     0.00   0.00    0.03    64.00    0.00      0.00     0.00   0.00    0.00     0.00    0.00    0.00    0.23  22.80
nvme2n1          0.00      0.00     0.00   0.00    0.00     0.00 7864.00    491.50     0.00   0.00    0.03    64.00    0.00      0.00     0.00   0.00    0.00     0.00    0.00    0.00    0.23  21.70
nvme3n1          0.00      0.00     0.00   0.00    0.00     0.00 7529.00    470.56     0.00   0.00    0.03    64.00    0.00      0.00     0.00   0.00    0.00     0.00    0.00    0.00    0.22  23.20
sda              0.00      0.00     0.00   0.00    0.00     0.00    3.00      0.07    17.00  85.00   61.00    25.33    0.00      0.00     0.00   0.00    0.00     0.00    3.00   60.33    0.36  18.30
sdb              0.00      0.00     0.00   0.00    0.00     0.00    0.00      0.00     0.00   0.00    0.00     0.00    0.00      0.00     0.00   0.00    0.00     0.00    0.00    0.00    0.00   0.00
sdg              0.00      0.00     0.00   0.00    0.00     0.00    0.00      0.00     0.00   0.00    0.00     0.00    0.00      0.00     0.00   0.00    0.00     0.00    0.00    0.00    0.00   0.00


avg-cpu:  %user   %nice %system %iowait  %steal   %idle
           0.11    0.00    0.34    0.00    0.00   99.55

Device            r/s     rMB/s   rrqm/s  %rrqm r_await rareq-sz     w/s     wMB/s   wrqm/s  %wrqm w_await wareq-sz     d/s     dMB/s   drqm/s  %drqm d_await dareq-sz     f/s f_await  aqu-sz  %util
dm-0             0.00      0.00     0.00   0.00    0.00     0.00    0.00      0.00     0.00   0.00    0.00     0.00    0.00      0.00     0.00   0.00    0.00     0.00    0.00    0.00    0.00   0.00
dm-1             0.00      0.00     0.00   0.00    0.00     0.00    0.00      0.00     0.00   0.00    0.00     0.00    0.00      0.00     0.00   0.00    0.00     0.00    0.00    0.00    0.00   0.00
dm-2             0.00      0.00     0.00   0.00    0.00     0.00    0.00      0.00     0.00   0.00    0.00     0.00    0.00      0.00     0.00   0.00    0.00     0.00    0.00    0.00    0.00   0.00
md0              0.00      0.00     0.00   0.00    0.00     0.00    0.00      0.00     0.00   0.00    0.00     0.00    0.00      0.00     0.00   0.00    0.00     0.00    0.00    0.00    0.00   0.00
md1              0.00      0.00     0.00   0.00    0.00     0.00 34525.00   2157.81     0.00   0.00    0.03    64.00    0.00      0.00     0.00   0.00    0.00     0.00    0.00    0.00    1.03  84.30
nvme0n1          0.00      0.00     0.00   0.00    0.00     0.00 8611.00    538.19     0.00   0.00    0.03    64.00    0.00      0.00     0.00   0.00    0.00     0.00    0.00    0.00    0.25  23.90
nvme1n1          0.00      0.00     0.00   0.00    0.00     0.00 8695.00    543.44     0.00   0.00    0.03    64.00    0.00      0.00     0.00   0.00    0.00     0.00    0.00    0.00    0.26  24.70
nvme2n1          0.00      0.00     0.00   0.00    0.00     0.00 8638.00    539.88     0.00   0.00    0.03    64.00    0.00      0.00     0.00   0.00    0.00     0.00    0.00    0.00    0.25  24.80
nvme3n1          0.00      0.00     0.00   0.00    0.00     0.00 8580.00    536.25     0.00   0.00    0.03    64.00    0.00      0.00     0.00   0.00    0.00     0.00    0.00    0.00    0.25  25.50
sda              0.00      0.00     0.00   0.00    0.00     0.00    0.00      0.00     0.00   0.00    0.00     0.00    0.00      0.00     0.00   0.00    0.00     0.00    0.00    0.00    0.00   0.00
sdb              0.00      0.00     0.00   0.00    0.00     0.00    0.00      0.00     0.00   0.00    0.00     0.00    0.00      0.00     0.00   0.00    0.00     0.00    0.00    0.00    0.00   0.00
sdg              0.00      0.00     0.00   0.00    0.00     0.00    0.00      0.00     0.00   0.00    0.00     0.00    0.00      0.00     0.00   0.00    0.00     0.00    0.00    0.00    0.00   0.00


avg-cpu:  %user   %nice %system %iowait  %steal   %idle
           0.11    0.00    0.33    0.00    0.00   99.56

Device            r/s     rMB/s   rrqm/s  %rrqm r_await rareq-sz     w/s     wMB/s   wrqm/s  %wrqm w_await wareq-sz     d/s     dMB/s   drqm/s  %drqm d_await dareq-sz     f/s f_await  aqu-sz  %util
dm-0             0.00      0.00     0.00   0.00    0.00     0.00    0.00      0.00     0.00   0.00    0.00     0.00    0.00      0.00     0.00   0.00    0.00     0.00    0.00    0.00    0.00   0.00
dm-1             0.00      0.00     0.00   0.00    0.00     0.00    0.00      0.00     0.00   0.00    0.00     0.00    0.00      0.00     0.00   0.00    0.00     0.00    0.00    0.00    0.00   0.00
dm-2             0.00      0.00     0.00   0.00    0.00     0.00   22.00      0.94     0.00   0.00    2.91    43.64    0.00      0.00     0.00   0.00    0.00     0.00    0.00    0.00    0.06   0.40
md0              0.00      0.00     0.00   0.00    0.00     0.00    0.00      0.00     0.00   0.00    0.00     0.00    0.00      0.00     0.00   0.00    0.00     0.00    0.00    0.00    0.00   0.00
md1              0.00      0.00     0.00   0.00    0.00     0.00 34294.00   2143.38     0.00   0.00    0.03    64.00    0.00      0.00     0.00   0.00    0.00     0.00    0.00    0.00    1.05  87.00
nvme0n1          0.00      0.00     0.00   0.00    0.00     0.00 8739.00    546.19     0.00   0.00    0.03    64.00    0.00      0.00     0.00   0.00    0.00     0.00    0.00    0.00    0.25  26.00
nvme1n1          0.00      0.00     0.00   0.00    0.00     0.00 8481.00    530.06     0.00   0.00    0.03    64.00    0.00      0.00     0.00   0.00    0.00     0.00    0.00    0.00    0.25  23.60
nvme2n1          0.00      0.00     0.00   0.00    0.00     0.00 8588.00    536.75     0.00   0.00    0.03    64.00    0.00      0.00     0.00   0.00    0.00     0.00    0.00    0.00    0.25  24.60
nvme3n1          0.00      0.00     0.00   0.00    0.00     0.00 8490.00    530.62     0.00   0.00    0.03    64.00    0.00      0.00     0.00   0.00    0.00     0.00    0.00    0.00    0.25  25.50
sda              0.00      0.00     0.00   0.00    0.00     0.00    4.00      0.94    18.00  81.82    2.25   240.00    0.00      0.00     0.00   0.00    0.00     0.00    0.00    0.00    0.01   0.40
sdb              0.00      0.00     0.00   0.00    0.00     0.00    0.00      0.00     0.00   0.00    0.00     0.00    0.00      0.00     0.00   0.00    0.00     0.00    0.00    0.00    0.00   0.00
sdg              0.00      0.00     0.00   0.00    0.00     0.00    0.00      0.00     0.00   0.00    0.00     0.00    0.00      0.00     0.00   0.00    0.00     0.00    0.00    0.00    0.00   0.00


avg-cpu:  %user   %nice %system %iowait  %steal   %idle
           0.12    0.00    0.33    0.00    0.00   99.55

Device            r/s     rMB/s   rrqm/s  %rrqm r_await rareq-sz     w/s     wMB/s   wrqm/s  %wrqm w_await wareq-sz     d/s     dMB/s   drqm/s  %drqm d_await dareq-sz     f/s f_await  aqu-sz  %util
dm-0             0.00      0.00     0.00   0.00    0.00     0.00    0.00      0.00     0.00   0.00    0.00     0.00    0.00      0.00     0.00   0.00    0.00     0.00    0.00    0.00    0.00   0.00
dm-1             0.00      0.00     0.00   0.00    0.00     0.00    0.00      0.00     0.00   0.00    0.00     0.00    0.00      0.00     0.00   0.00    0.00     0.00    0.00    0.00    0.00   0.00
dm-2             0.00      0.00     0.00   0.00    0.00     0.00    0.00      0.00     0.00   0.00    0.00     0.00    0.00      0.00     0.00   0.00    0.00     0.00    0.00    0.00    0.00   0.00
md0              0.00      0.00     0.00   0.00    0.00     0.00    0.00      0.00     0.00   0.00    0.00     0.00    0.00      0.00     0.00   0.00    0.00     0.00    0.00    0.00    0.00   0.00
md1              0.00      0.00     0.00   0.00    0.00     0.00 35322.00   2130.05     0.00   0.00    0.03    61.75    0.00      0.00     0.00   0.00    0.00     0.00    0.00    0.00    1.17  87.20
nvme0n1          0.00      0.00     0.00   0.00    0.00     0.00 8540.00    534.50   372.00   4.17    0.03    64.09    0.00      0.00     0.00   0.00    0.00     0.00    0.00    0.00    0.25  27.90
nvme1n1          0.00      0.00     0.00   0.00    0.00     0.00 8486.00    531.12   372.00   4.20    0.03    64.09    0.00      0.00     0.00   0.00    0.00     0.00    0.00    0.00    0.25  25.10
nvme2n1          0.00      0.00     0.00   0.00    0.00     0.00 8509.00    532.34   268.00   3.05    0.03    64.06    0.00      0.00     0.00   0.00    0.00     0.00    0.00    0.00    0.25  25.40
nvme3n1          0.00      0.00     0.00   0.00    0.00     0.00 8491.00    531.21   269.00   3.07    0.03    64.06    0.00      0.00     0.00   0.00    0.00     0.00    0.00    0.00    0.25  23.50
sda              0.00      0.00     0.00   0.00    0.00     0.00    0.00      0.00     0.00   0.00    0.00     0.00    0.00      0.00     0.00   0.00    0.00     0.00    0.00    0.00    0.00   0.00
sdb              0.00      0.00     0.00   0.00    0.00     0.00    0.00      0.00     0.00   0.00    0.00     0.00    0.00      0.00     0.00   0.00    0.00     0.00    0.00    0.00    0.00   0.00
sdg              0.00      0.00     0.00   0.00    0.00     0.00    0.00      0.00     0.00   0.00    0.00     0.00    0.00      0.00     0.00   0.00    0.00     0.00    0.00    0.00    0.00   0.00


avg-cpu:  %user   %nice %system %iowait  %steal   %idle
           0.11    0.00    0.34    0.00    0.00   99.55

Device            r/s     rMB/s   rrqm/s  %rrqm r_await rareq-sz     w/s     wMB/s   wrqm/s  %wrqm w_await wareq-sz     d/s     dMB/s   drqm/s  %drqm d_await dareq-sz     f/s f_await  aqu-sz  %util
dm-0             0.00      0.00     0.00   0.00    0.00     0.00    0.00      0.00     0.00   0.00    0.00     0.00    0.00      0.00     0.00   0.00    0.00     0.00    0.00    0.00    0.00   0.00
dm-1             0.00      0.00     0.00   0.00    0.00     0.00    0.00      0.00     0.00   0.00    0.00     0.00    0.00      0.00     0.00   0.00    0.00     0.00    0.00    0.00    0.00   0.00
dm-2             0.00      0.00     0.00   0.00    0.00     0.00    0.00      0.00     0.00   0.00    0.00     0.00    0.00      0.00     0.00   0.00    0.00     0.00    0.00    0.00    0.00   0.00
md0              0.00      0.00     0.00   0.00    0.00     0.00    0.00      0.00     0.00   0.00    0.00     0.00    0.00      0.00     0.00   0.00    0.00     0.00    0.00    0.00    0.00   0.00
md1              0.00      0.00     0.00   0.00    0.00     0.00 34267.00   2141.69     0.00   0.00    0.03    64.00    0.00      0.00     0.00   0.00    0.00     0.00    0.00    0.00    1.02  85.90
nvme0n1          0.00      0.00     0.00   0.00    0.00     0.00 8532.00    533.25     0.00   0.00    0.03    64.00    0.00      0.00     0.00   0.00    0.00     0.00    0.00    0.00    0.25  23.10
nvme1n1          0.00      0.00     0.00   0.00    0.00     0.00 8469.00    529.31     0.00   0.00    0.03    64.00    0.00      0.00     0.00   0.00    0.00     0.00    0.00    0.00    0.25  24.20
nvme2n1          0.00      0.00     0.00   0.00    0.00     0.00 8572.00    535.69     0.00   0.00    0.03    63.99    0.00      0.00     0.00   0.00    0.00     0.00    0.00    0.00    0.25  24.70
nvme3n1          0.00      0.00     0.00   0.00    0.00     0.00 8692.00    543.25     0.00   0.00    0.03    64.00    0.00      0.00     0.00   0.00    0.00     0.00    0.00    0.00    0.25  24.80
sda              0.00      0.00     0.00   0.00    0.00     0.00    0.00      0.00     0.00   0.00    0.00     0.00    0.00      0.00     0.00   0.00    0.00     0.00    0.00    0.00    0.00   0.00
sdb              0.00      0.00     0.00   0.00    0.00     0.00    0.00      0.00     0.00   0.00    0.00     0.00    0.00      0.00     0.00   0.00    0.00     0.00    0.00    0.00    0.00   0.00
sdg              0.00      0.00     0.00   0.00    0.00     0.00    0.00      0.00     0.00   0.00    0.00     0.00    0.00      0.00     0.00   0.00    0.00     0.00    0.00    0.00    0.00   0.00


avg-cpu:  %user   %nice %system %iowait  %steal   %idle
           0.11    0.00    0.33    0.18    0.00   99.37

Device            r/s     rMB/s   rrqm/s  %rrqm r_await rareq-sz     w/s     wMB/s   wrqm/s  %wrqm w_await wareq-sz     d/s     dMB/s   drqm/s  %drqm d_await dareq-sz     f/s f_await  aqu-sz  %util
dm-0             0.00      0.00     0.00   0.00    0.00     0.00    0.00      0.00     0.00   0.00    0.00     0.00    0.00      0.00     0.00   0.00    0.00     0.00    0.00    0.00    0.00   0.00
dm-1             0.00      0.00     0.00   0.00    0.00     0.00    0.00      0.00     0.00   0.00    0.00     0.00    0.00      0.00     0.00   0.00    0.00     0.00    0.00    0.00    0.00   0.00
dm-2             0.00      0.00     0.00   0.00    0.00     0.00    9.00      0.04     0.00   0.00    1.00     4.00    0.00      0.00     0.00   0.00    0.00     0.00    0.00    0.00    0.01  45.70
md0              0.00      0.00     0.00   0.00    0.00     0.00    0.00      0.00     0.00   0.00    0.00     0.00    0.00      0.00     0.00   0.00    0.00     0.00    0.00    0.00    0.00   0.00
md1              0.00      0.00     0.00   0.00    0.00     0.00 33900.00   2118.75     0.00   0.00    0.03    64.00    0.00      0.00     0.00   0.00    0.00     0.00    0.00    0.00    1.00  84.50
nvme0n1          0.00      0.00     0.00   0.00    0.00     0.00 8500.00    531.25     0.00   0.00    0.03    64.00    0.00      0.00     0.00   0.00    0.00     0.00    0.00    0.00    0.25  23.00
nvme1n1          0.00      0.00     0.00   0.00    0.00     0.00 8425.00    526.56     0.00   0.00    0.03    64.00    0.00      0.00     0.00   0.00    0.00     0.00    0.00    0.00    0.25  23.70
nvme2n1          0.00      0.00     0.00   0.00    0.00     0.00 8445.00    527.81     0.00   0.00    0.03    64.00    0.00      0.00     0.00   0.00    0.00     0.00    0.00    0.00    0.25  23.60
nvme3n1          0.00      0.00     0.00   0.00    0.00     0.00 8530.00    533.12     0.00   0.00    0.03    64.00    0.00      0.00     0.00   0.00    0.00     0.00    0.00    0.00    0.25  25.20
sda              0.00      0.00     0.00   0.00    0.00     0.00    1.00      0.04     8.00  88.89    1.00    36.00    0.00      0.00     0.00   0.00    0.00     0.00    0.00    0.00    0.00   0.10
sdb              0.00      0.00     0.00   0.00    0.00     0.00    0.00      0.00     0.00   0.00    0.00     0.00    0.00      0.00     0.00   0.00    0.00     0.00    0.00    0.00    0.00   0.00
sdg              0.00      0.00     0.00   0.00    0.00     0.00    0.00      0.00     0.00   0.00    0.00     0.00    0.00      0.00     0.00   0.00    0.00     0.00    0.00    0.00    0.00   0.00


avg-cpu:  %user   %nice %system %iowait  %steal   %idle
           0.12    0.00    0.33    0.02    0.00   99.53

Device            r/s     rMB/s   rrqm/s  %rrqm r_await rareq-sz     w/s     wMB/s   wrqm/s  %wrqm w_await wareq-sz     d/s     dMB/s   drqm/s  %drqm d_await dareq-sz     f/s f_await  aqu-sz  %util
dm-0             0.00      0.00     0.00   0.00    0.00     0.00    0.00      0.00     0.00   0.00    0.00     0.00    0.00      0.00     0.00   0.00    0.00     0.00    0.00    0.00    0.00   0.00
dm-1             0.00      0.00     0.00   0.00    0.00     0.00    0.00      0.00     0.00   0.00    0.00     0.00    0.00      0.00     0.00   0.00    0.00     0.00    0.00    0.00    0.00   0.00
dm-2             0.00      0.00     0.00   0.00    0.00     0.00    2.00      0.00     0.00   0.00  249.50     2.00    0.00      0.00     0.00   0.00    0.00     0.00    0.00    0.00    0.50   4.30
md0              0.00      0.00     0.00   0.00    0.00     0.00    0.00      0.00     0.00   0.00    0.00     0.00    0.00      0.00     0.00   0.00    0.00     0.00    0.00    0.00    0.00   0.00
md1              0.00      0.00     0.00   0.00    0.00     0.00 34526.00   2157.88     0.00   0.00    0.03    64.00    0.00      0.00     0.00   0.00    0.00     0.00    0.00    0.00    1.03  87.40
nvme0n1          0.00      0.00     0.00   0.00    0.00     0.00 8605.00    537.81     0.00   0.00    0.03    64.00    0.00      0.00     0.00   0.00    0.00     0.00    0.00    0.00    0.25  24.90
nvme1n1          0.00      0.00     0.00   0.00    0.00     0.00 8680.00    542.50     0.00   0.00    0.03    64.00    0.00      0.00     0.00   0.00    0.00     0.00    0.00    0.00    0.25  24.90
nvme2n1          0.00      0.00     0.00   0.00    0.00     0.00 8526.00    532.88     0.00   0.00    0.03    64.00    0.00      0.00     0.00   0.00    0.00     0.00    0.00    0.00    0.25  23.30
nvme3n1          0.00      0.00     0.00   0.00    0.00     0.00 8717.00    544.81     0.00   0.00    0.03    64.00    0.00      0.00     0.00   0.00    0.00     0.00    0.00    0.00    0.25  24.70
sda              0.00      0.00     0.00   0.00    0.00     0.00    2.00      0.00     0.00   0.00  249.00     2.00    0.00      0.00     0.00   0.00    0.00     0.00    3.00  166.00    1.00  49.90
sdb              0.00      0.00     0.00   0.00    0.00     0.00    0.00      0.00     0.00   0.00    0.00     0.00    0.00      0.00     0.00   0.00    0.00     0.00    0.00    0.00    0.00   0.00
sdg              0.00      0.00     0.00   0.00    0.00     0.00    0.00      0.00     0.00   0.00    0.00     0.00    0.00      0.00     0.00   0.00    0.00     0.00    0.00    0.00    0.00   0.00


avg-cpu:  %user   %nice %system %iowait  %steal   %idle
           0.13    0.00    0.33    0.00    0.00   99.54

Device            r/s     rMB/s   rrqm/s  %rrqm r_await rareq-sz     w/s     wMB/s   wrqm/s  %wrqm w_await wareq-sz     d/s     dMB/s   drqm/s  %drqm d_await dareq-sz     f/s f_await  aqu-sz  %util
dm-0             0.00      0.00     0.00   0.00    0.00     0.00    0.00      0.00     0.00   0.00    0.00     0.00    0.00      0.00     0.00   0.00    0.00     0.00    0.00    0.00    0.00   0.00
dm-1             0.00      0.00     0.00   0.00    0.00     0.00    0.00      0.00     0.00   0.00    0.00     0.00    0.00      0.00     0.00   0.00    0.00     0.00    0.00    0.00    0.00   0.00
dm-2             0.00      0.00     0.00   0.00    0.00     0.00    0.00      0.00     0.00   0.00    0.00     0.00    0.00      0.00     0.00   0.00    0.00     0.00    0.00    0.00    0.00   0.00
md0              0.00      0.00     0.00   0.00    0.00     0.00    0.00      0.00     0.00   0.00    0.00     0.00    0.00      0.00     0.00   0.00    0.00     0.00    0.00    0.00    0.00   0.00
md1              0.00      0.00     0.00   0.00    0.00     0.00 34078.00   2129.88     0.00   0.00    0.03    64.00    0.00      0.00     0.00   0.00    0.00     0.00    0.00    0.00    1.03  85.80
nvme0n1          0.00      0.00     0.00   0.00    0.00     0.00 8561.00    535.06     0.00   0.00    0.03    64.00    0.00      0.00     0.00   0.00    0.00     0.00    0.00    0.00    0.25  24.20
nvme1n1          0.00      0.00     0.00   0.00    0.00     0.00 8682.00    542.62     0.00   0.00    0.03    64.00    0.00      0.00     0.00   0.00    0.00     0.00    0.00    0.00    0.26  26.50
nvme2n1          0.00      0.00     0.00   0.00    0.00     0.00 8470.00    529.38     0.00   0.00    0.03    64.00    0.00      0.00     0.00   0.00    0.00     0.00    0.00    0.00    0.25  23.60
nvme3n1          0.00      0.00     0.00   0.00    0.00     0.00 8367.00    522.94     0.00   0.00    0.03    64.00    0.00      0.00     0.00   0.00    0.00     0.00    0.00    0.00    0.25  26.10
sda              0.00      0.00     0.00   0.00    0.00     0.00    0.00      0.00     0.00   0.00    0.00     0.00    0.00      0.00     0.00   0.00    0.00     0.00    0.00    0.00    0.00   0.00
sdb              0.00      0.00     0.00   0.00    0.00     0.00    0.00      0.00     0.00   0.00    0.00     0.00    0.00      0.00     0.00   0.00    0.00     0.00    0.00    0.00    0.00   0.00
sdg              0.00      0.00     0.00   0.00    0.00     0.00    0.00      0.00     0.00   0.00    0.00     0.00    0.00      0.00     0.00   0.00    0.00     0.00    0.00    0.00    0.00   0.00


avg-cpu:  %user   %nice %system %iowait  %steal   %idle
           0.11    0.00    0.34    0.00    0.00   99.55

Device            r/s     rMB/s   rrqm/s  %rrqm r_await rareq-sz     w/s     wMB/s   wrqm/s  %wrqm w_await wareq-sz     d/s     dMB/s   drqm/s  %drqm d_await dareq-sz     f/s f_await  aqu-sz  %util
dm-0             0.00      0.00     0.00   0.00    0.00     0.00    0.00      0.00     0.00   0.00    0.00     0.00    0.00      0.00     0.00   0.00    0.00     0.00    0.00    0.00    0.00   0.00
dm-1             0.00      0.00     0.00   0.00    0.00     0.00    0.00      0.00     0.00   0.00    0.00     0.00    0.00      0.00     0.00   0.00    0.00     0.00    0.00    0.00    0.00   0.00
dm-2             0.00      0.00     0.00   0.00    0.00     0.00    0.00      0.00     0.00   0.00    0.00     0.00    0.00      0.00     0.00   0.00    0.00     0.00    0.00    0.00    0.00   0.00
md0              0.00      0.00     0.00   0.00    0.00     0.00    0.00      0.00     0.00   0.00    0.00     0.00    0.00      0.00     0.00   0.00    0.00     0.00    0.00    0.00    0.00   0.00
md1              0.00      0.00     0.00   0.00    0.00     0.00 35671.00   2155.02     0.00   0.00    0.03    61.86    0.00      0.00     0.00   0.00    0.00     0.00    0.00    0.00    1.21  86.80
nvme0n1          0.00      0.00     0.00   0.00    0.00     0.00 8575.00    536.44   248.00   2.81    0.03    64.06    0.00      0.00     0.00   0.00    0.00     0.00    0.00    0.00    0.25  25.20
nvme1n1          0.00      0.00     0.00   0.00    0.00     0.00 8619.00    539.11   258.00   2.91    0.03    64.05    0.00      0.00     0.00   0.00    0.00     0.00    0.00    0.00    0.25  25.60
nvme2n1          0.00      0.00     0.00   0.00    0.00     0.00 8631.00    540.10   350.00   3.90    0.03    64.08    0.00      0.00     0.00   0.00    0.00     0.00    0.00    0.00    0.25  26.50
nvme3n1          0.00      0.00     0.00   0.00    0.00     0.00 8612.00    539.00   372.00   4.14    0.03    64.09    0.00      0.00     0.00   0.00    0.00     0.00    0.00    0.00    0.25  23.50
sda              0.00      0.00     0.00   0.00    0.00     0.00    0.00      0.00     0.00   0.00    0.00     0.00    0.00      0.00     0.00   0.00    0.00     0.00    0.00    0.00    0.00   0.00
sdb              0.00      0.00     0.00   0.00    0.00     0.00    0.00      0.00     0.00   0.00    0.00     0.00    0.00      0.00     0.00   0.00    0.00     0.00    0.00    0.00    0.00   0.00
sdg              0.00      0.00     0.00   0.00    0.00     0.00    0.00      0.00     0.00   0.00    0.00     0.00    0.00      0.00     0.00   0.00    0.00     0.00    0.00    0.00    0.00   0.00


avg-cpu:  %user   %nice %system %iowait  %steal   %idle
           0.13    0.00    0.33    0.00    0.00   99.54

Device            r/s     rMB/s   rrqm/s  %rrqm r_await rareq-sz     w/s     wMB/s   wrqm/s  %wrqm w_await wareq-sz     d/s     dMB/s   drqm/s  %drqm d_await dareq-sz     f/s f_await  aqu-sz  %util
dm-0             0.00      0.00     0.00   0.00    0.00     0.00    0.00      0.00     0.00   0.00    0.00     0.00    0.00      0.00     0.00   0.00    0.00     0.00    0.00    0.00    0.00   0.00
dm-1             0.00      0.00     0.00   0.00    0.00     0.00    0.00      0.00     0.00   0.00    0.00     0.00    0.00      0.00     0.00   0.00    0.00     0.00    0.00    0.00    0.00   0.00
dm-2             0.00      0.00     0.00   0.00    0.00     0.00    0.00      0.00     0.00   0.00    0.00     0.00    0.00      0.00     0.00   0.00    0.00     0.00    0.00    0.00    0.00   0.00
md0              0.00      0.00     0.00   0.00    0.00     0.00    0.00      0.00     0.00   0.00    0.00     0.00    0.00      0.00     0.00   0.00    0.00     0.00    0.00    0.00    0.00   0.00
md1              0.00      0.00     0.00   0.00    0.00     0.00 35166.00   2178.30     0.00   0.00    0.04    63.43    0.00      0.00     0.00   0.00    0.00     0.00    0.00    0.00    1.42  87.10
nvme0n1          0.00      0.00     0.00   0.00    0.00     0.00 8779.00    547.58     1.00   0.01    0.03    63.87    0.00      0.00     0.00   0.00    0.00     0.00    0.00    0.00    0.29  24.40
nvme1n1          0.00      0.00     0.00   0.00    0.00     0.00 8749.00    545.61   246.00   2.73    0.03    63.86    0.00      0.00     0.00   0.00    0.00     0.00    0.00    0.00    0.29  25.40
nvme2n1          0.00      0.00     0.00   0.00    0.00     0.00 8716.00    543.99     0.00   0.00    0.03    63.91    0.00      0.00     0.00   0.00    0.00     0.00    0.00    0.00    0.28  27.00
nvme3n1          0.00      0.00     0.00   0.00    0.00     0.00 8678.00    541.38     1.00   0.01    0.03    63.88    0.00      0.00     0.00   0.00    0.00     0.00    0.00    0.00    0.28  25.90
sda              0.00      0.00     0.00   0.00    0.00     0.00    0.00      0.00     0.00   0.00    0.00     0.00    0.00      0.00     0.00   0.00    0.00     0.00    0.00    0.00    0.00   0.00
sdb              0.00      0.00     0.00   0.00    0.00     0.00    0.00      0.00     0.00   0.00    0.00     0.00    0.00      0.00     0.00   0.00    0.00     0.00    0.00    0.00    0.00   0.00
sdg              0.00      0.00     0.00   0.00    0.00     0.00    0.00      0.00     0.00   0.00    0.00     0.00    0.00      0.00     0.00   0.00    0.00     0.00    0.00    0.00    0.00   0.00


avg-cpu:  %user   %nice %system %iowait  %steal   %idle
           0.16    0.00    0.41    0.07    0.00   99.36

Device            r/s     rMB/s   rrqm/s  %rrqm r_await rareq-sz     w/s     wMB/s   wrqm/s  %wrqm w_await wareq-sz     d/s     dMB/s   drqm/s  %drqm d_await dareq-sz     f/s f_await  aqu-sz  %util
dm-0             0.00      0.00     0.00   0.00    0.00     0.00    6.00      0.02     0.00   0.00    9.50     3.33    0.00      0.00     0.00   0.00    0.00     0.00    0.00    0.00    0.06   5.50
dm-1             0.00      0.00     0.00   0.00    0.00     0.00    0.00      0.00     0.00   0.00    0.00     0.00    0.00      0.00     0.00   0.00    0.00     0.00    0.00    0.00    0.00   0.00
dm-2             0.00      0.00     0.00   0.00    0.00     0.00    5.00      0.02     0.00   0.00   24.60     3.20    0.00      0.00     0.00   0.00    0.00     0.00    0.00    0.00    0.12  12.10
md0              0.00      0.00     0.00   0.00    0.00     0.00    0.00      0.00     0.00   0.00    0.00     0.00    0.00      0.00     0.00   0.00    0.00     0.00    0.00    0.00    0.00   0.00
md1              0.00      0.00     0.00   0.00    0.00     0.00 34945.00   2184.06     0.00   0.00    0.03    64.00    0.00      0.00     0.00   0.00    0.00     0.00    0.00    0.00    1.06  88.00
nvme0n1          0.00      0.00     0.00   0.00    0.00     0.00 8795.00    549.69     0.00   0.00    0.03    64.00    0.00      0.00     0.00   0.00    0.00     0.00    0.00    0.00    0.26  24.30
nvme1n1          0.00      0.00     0.00   0.00    0.00     0.00 8642.00    540.12     0.00   0.00    0.03    64.00    0.00      0.00     0.00   0.00    0.00     0.00    0.00    0.00    0.25  25.00
nvme2n1          0.00      0.00     0.00   0.00    0.00     0.00 8845.00    552.81     0.00   0.00    0.03    64.00    0.00      0.00     0.00   0.00    0.00     0.00    0.00    0.00    0.26  23.90
nvme3n1          0.00      0.00     0.00   0.00    0.00     0.00 8660.00    541.25     0.00   0.00    0.03    64.00    0.00      0.00     0.00   0.00    0.00     0.00    0.00    0.00    0.25  27.20
sda              0.00      0.00     0.00   0.00    0.00     0.00    7.00      0.04     4.00  36.36   25.14     5.14    0.00      0.00     0.00   0.00    0.00     0.00    6.00   28.83    0.35  17.60
sdb              0.00      0.00     0.00   0.00    0.00     0.00    0.00      0.00     0.00   0.00    0.00     0.00    0.00      0.00     0.00   0.00    0.00     0.00    0.00    0.00    0.00   0.00
sdg              0.00      0.00     0.00   0.00    0.00     0.00    0.00      0.00     0.00   0.00    0.00     0.00    0.00      0.00     0.00   0.00    0.00     0.00    0.00    0.00    0.00   0.00


avg-cpu:  %user   %nice %system %iowait  %steal   %idle
           0.15    0.00    0.41    0.00    0.00   99.44

Device            r/s     rMB/s   rrqm/s  %rrqm r_await rareq-sz     w/s     wMB/s   wrqm/s  %wrqm w_await wareq-sz     d/s     dMB/s   drqm/s  %drqm d_await dareq-sz     f/s f_await  aqu-sz  %util
dm-0             0.00      0.00     0.00   0.00    0.00     0.00    0.00      0.00     0.00   0.00    0.00     0.00    0.00      0.00     0.00   0.00    0.00     0.00    0.00    0.00    0.00   0.00
dm-1             0.00      0.00     0.00   0.00    0.00     0.00    0.00      0.00     0.00   0.00    0.00     0.00    0.00      0.00     0.00   0.00    0.00     0.00    0.00    0.00    0.00   0.00
dm-2             0.00      0.00     0.00   0.00    0.00     0.00    0.00      0.00     0.00   0.00    0.00     0.00    0.00      0.00     0.00   0.00    0.00     0.00    0.00    0.00    0.00   0.00
md0              0.00      0.00     0.00   0.00    0.00     0.00    0.00      0.00     0.00   0.00    0.00     0.00    0.00      0.00     0.00   0.00    0.00     0.00    0.00    0.00    0.00   0.00
md1              0.00      0.00     0.00   0.00    0.00     0.00 35022.00   2188.88     0.00   0.00    0.03    64.00    0.00      0.00     0.00   0.00    0.00     0.00    0.00    0.00    1.08  88.70
nvme0n1          0.00      0.00     0.00   0.00    0.00     0.00 8676.00    542.25     0.00   0.00    0.03    64.00    0.00      0.00     0.00   0.00    0.00     0.00    0.00    0.00    0.25  27.60
nvme1n1          0.00      0.00     0.00   0.00    0.00     0.00 8610.00    538.12     0.00   0.00    0.03    64.00    0.00      0.00     0.00   0.00    0.00     0.00    0.00    0.00    0.25  22.50
nvme2n1          0.00      0.00     0.00   0.00    0.00     0.00 8841.00    552.56     0.00   0.00    0.03    64.00    0.00      0.00     0.00   0.00    0.00     0.00    0.00    0.00    0.26  25.10
nvme3n1          0.00      0.00     0.00   0.00    0.00     0.00 8896.00    556.00     0.00   0.00    0.03    64.00    0.00      0.00     0.00   0.00    0.00     0.00    0.00    0.00    0.26  28.50
sda              0.00      0.00     0.00   0.00    0.00     0.00    0.00      0.00     0.00   0.00    0.00     0.00    0.00      0.00     0.00   0.00    0.00     0.00    0.00    0.00    0.00   0.00
sdb              0.00      0.00     0.00   0.00    0.00     0.00    0.00      0.00     0.00   0.00    0.00     0.00    0.00      0.00     0.00   0.00    0.00     0.00    0.00    0.00    0.00   0.00
sdg              0.00      0.00     0.00   0.00    0.00     0.00    0.00      0.00     0.00   0.00    0.00     0.00    0.00      0.00     0.00   0.00    0.00     0.00    0.00    0.00    0.00   0.00


avg-cpu:  %user   %nice %system %iowait  %steal   %idle
           0.13    0.00    0.33    0.00    0.00   99.55

Device            r/s     rMB/s   rrqm/s  %rrqm r_await rareq-sz     w/s     wMB/s   wrqm/s  %wrqm w_await wareq-sz     d/s     dMB/s   drqm/s  %drqm d_await dareq-sz     f/s f_await  aqu-sz  %util
dm-0             0.00      0.00     0.00   0.00    0.00     0.00    0.00      0.00     0.00   0.00    0.00     0.00    0.00      0.00     0.00   0.00    0.00     0.00    0.00    0.00    0.00   0.00
dm-1             0.00      0.00     0.00   0.00    0.00     0.00    0.00      0.00     0.00   0.00    0.00     0.00    0.00      0.00     0.00   0.00    0.00     0.00    0.00    0.00    0.00   0.00
dm-2             0.00      0.00     0.00   0.00    0.00     0.00    0.00      0.00     0.00   0.00    0.00     0.00    0.00      0.00     0.00   0.00    0.00     0.00    0.00    0.00    0.00   0.00
md0              0.00      0.00     0.00   0.00    0.00     0.00    0.00      0.00     0.00   0.00    0.00     0.00    0.00      0.00     0.00   0.00    0.00     0.00    0.00    0.00    0.00   0.00
md1              0.00      0.00     0.00   0.00    0.00     0.00 34633.00   2164.56     0.00   0.00    0.03    64.00    0.00      0.00     0.00   0.00    0.00     0.00    0.00    0.00    1.03  86.30
nvme0n1          0.00      0.00     0.00   0.00    0.00     0.00 8606.00    537.88     0.00   0.00    0.03    64.00    0.00      0.00     0.00   0.00    0.00     0.00    0.00    0.00    0.25  26.90
nvme1n1          0.00      0.00     0.00   0.00    0.00     0.00 8776.00    548.50     0.00   0.00    0.03    64.00    0.00      0.00     0.00   0.00    0.00     0.00    0.00    0.00    0.26  23.00
nvme2n1          0.00      0.00     0.00   0.00    0.00     0.00 8489.00    530.56     0.00   0.00    0.03    64.00    0.00      0.00     0.00   0.00    0.00     0.00    0.00    0.00    0.25  22.70
nvme3n1          0.00      0.00     0.00   0.00    0.00     0.00 8761.00    547.62     0.00   0.00    0.03    64.01    0.00      0.00     0.00   0.00    0.00     0.00    0.00    0.00    0.26  27.00
sda              0.00      0.00     0.00   0.00    0.00     0.00    0.00      0.00     0.00   0.00    0.00     0.00    0.00      0.00     0.00   0.00    0.00     0.00    0.00    0.00    0.00   0.00
sdb              0.00      0.00     0.00   0.00    0.00     0.00    0.00      0.00     0.00   0.00    0.00     0.00    0.00      0.00     0.00   0.00    0.00     0.00    0.00    0.00    0.00   0.00
sdg              0.00      0.00     0.00   0.00    0.00     0.00    0.00      0.00     0.00   0.00    0.00     0.00    0.00      0.00     0.00   0.00    0.00     0.00    0.00    0.00    0.00   0.00


avg-cpu:  %user   %nice %system %iowait  %steal   %idle
           0.13    0.00    0.32    0.00    0.00   99.55

Device            r/s     rMB/s   rrqm/s  %rrqm r_await rareq-sz     w/s     wMB/s   wrqm/s  %wrqm w_await wareq-sz     d/s     dMB/s   drqm/s  %drqm d_await dareq-sz     f/s f_await  aqu-sz  %util
dm-0             0.00      0.00     0.00   0.00    0.00     0.00    0.00      0.00     0.00   0.00    0.00     0.00    0.00      0.00     0.00   0.00    0.00     0.00    0.00    0.00    0.00   0.00
dm-1             0.00      0.00     0.00   0.00    0.00     0.00    0.00      0.00     0.00   0.00    0.00     0.00    0.00      0.00     0.00   0.00    0.00     0.00    0.00    0.00    0.00   0.00
dm-2             0.00      0.00     0.00   0.00    0.00     0.00    0.00      0.00     0.00   0.00    0.00     0.00    0.00      0.00     0.00   0.00    0.00     0.00    0.00    0.00    0.00   0.00
md0              0.00      0.00     0.00   0.00    0.00     0.00    0.00      0.00     0.00   0.00    0.00     0.00    0.00      0.00     0.00   0.00    0.00     0.00    0.00    0.00    0.00   0.00
md1              0.00      0.00     0.00   0.00    0.00     0.00 36835.00   2228.42     0.00   0.00    0.03    61.95    0.00      0.00     0.00   0.00    0.00     0.00    0.00    0.00    1.17  87.10
nvme0n1          0.00      0.00     0.00   0.00    0.00     0.00 8728.00    546.15   362.00   3.98    0.03    64.08    0.00      0.00     0.00   0.00    0.00     0.00    0.00    0.00    0.26  24.10
nvme1n1          0.00      0.00     0.00   0.00    0.00     0.00 8866.00    554.83   360.00   3.90    0.03    64.08    0.00      0.00     0.00   0.00    0.00     0.00    0.00    0.00    0.26  25.10
nvme2n1          0.00      0.00     0.00   0.00    0.00     0.00 8952.00    560.00   248.00   2.70    0.03    64.06    0.00      0.00     0.00   0.00    0.00     0.00    0.00    0.00    0.27  27.30
nvme3n1          0.00      0.00     0.00   0.00    0.00     0.00 9073.00    567.50   248.00   2.66    0.03    64.05    0.00      0.00     0.00   0.00    0.00     0.00    0.00    0.00    0.27  26.00
sda              0.00      0.00     0.00   0.00    0.00     0.00    0.00      0.00     0.00   0.00    0.00     0.00    0.00      0.00     0.00   0.00    0.00     0.00    0.00    0.00    0.00   0.00
sdb              0.00      0.00     0.00   0.00    0.00     0.00    0.00      0.00     0.00   0.00    0.00     0.00    0.00      0.00     0.00   0.00    0.00     0.00    0.00    0.00    0.00   0.00
sdg              0.00      0.00     0.00   0.00    0.00     0.00    0.00      0.00     0.00   0.00    0.00     0.00    0.00      0.00     0.00   0.00    0.00     0.00    0.00    0.00    0.00   0.00


avg-cpu:  %user   %nice %system %iowait  %steal   %idle
           0.12    0.00    0.33    0.00    0.00   99.55

Device            r/s     rMB/s   rrqm/s  %rrqm r_await rareq-sz     w/s     wMB/s   wrqm/s  %wrqm w_await wareq-sz     d/s     dMB/s   drqm/s  %drqm d_await dareq-sz     f/s f_await  aqu-sz  %util
dm-0             0.00      0.00     0.00   0.00    0.00     0.00    0.00      0.00     0.00   0.00    0.00     0.00    0.00      0.00     0.00   0.00    0.00     0.00    0.00    0.00    0.00   0.00
dm-1             0.00      0.00     0.00   0.00    0.00     0.00    0.00      0.00     0.00   0.00    0.00     0.00    0.00      0.00     0.00   0.00    0.00     0.00    0.00    0.00    0.00   0.00
dm-2             0.00      0.00     0.00   0.00    0.00     0.00    0.00      0.00     0.00   0.00    0.00     0.00    0.00      0.00     0.00   0.00    0.00     0.00    0.00    0.00    0.00   0.00
md0              0.00      0.00     0.00   0.00    0.00     0.00    0.00      0.00     0.00   0.00    0.00     0.00    0.00      0.00     0.00   0.00    0.00     0.00    0.00    0.00    0.00   0.00
md1              0.00      0.00     0.00   0.00    0.00     0.00 36707.00   2294.19     0.00   0.00    0.03    64.00    0.00      0.00     0.00   0.00    0.00     0.00    0.00    0.00    1.12  89.10
nvme0n1          0.00      0.00     0.00   0.00    0.00     0.00 9320.00    582.50     0.00   0.00    0.03    64.00    0.00      0.00     0.00   0.00    0.00     0.00    0.00    0.00    0.28  27.60
nvme1n1          0.00      0.00     0.00   0.00    0.00     0.00 9143.00    571.44     0.00   0.00    0.03    64.00    0.00      0.00     0.00   0.00    0.00     0.00    0.00    0.00    0.27  27.80
nvme2n1          0.00      0.00     0.00   0.00    0.00     0.00 9142.00    571.38     0.00   0.00    0.03    64.00    0.00      0.00     0.00   0.00    0.00     0.00    0.00    0.00    0.27  26.70
nvme3n1          0.00      0.00     0.00   0.00    0.00     0.00 9114.00    569.62     0.00   0.00    0.03    64.00    0.00      0.00     0.00   0.00    0.00     0.00    0.00    0.00    0.27  23.00
sda              0.00      0.00     0.00   0.00    0.00     0.00    0.00      0.00     0.00   0.00    0.00     0.00    0.00      0.00     0.00   0.00    0.00     0.00    0.00    0.00    0.00   0.00
sdb              0.00      0.00     0.00   0.00    0.00     0.00    0.00      0.00     0.00   0.00    0.00     0.00    0.00      0.00     0.00   0.00    0.00     0.00    0.00    0.00    0.00   0.00
sdg              0.00      0.00     0.00   0.00    0.00     0.00    0.00      0.00     0.00   0.00    0.00     0.00    0.00      0.00     0.00   0.00    0.00     0.00    0.00    0.00    0.00   0.00

